-1058.5960008467866 -12017.00799999886 3.1402450960694703 2 0.0
-1058.5978904189096 -12017.00799745255 3.1402450960694703 2 0.30000000000000004
-1058.6091859197857 -12017.007982231204 3.1402450960694703 2 0.4
-1058.6315942108529 -12017.007952034724 3.1402450960694703 2 0.6000000000000001
-1058.6648977004925 -12017.007907156329 3.1402450960694703 2 0.7000000000000001
-1058.7088792189381 -12017.007847888668 3.1402450960694703 2 0.8
-1058.763322157583 -12017.007774523632 3.1402450960694703 2 0.9
-1058.828010596194 -12017.007687352187 3.1402450960694703 2 0.9
-1058.9027294250425 -12017.007586664206 3.1402450960694703 2 1.0
-1058.9872644619672 -12017.007472748312 3.1402450960694703 2.0 1.1
-1059.0814025644563 -12017.007345891729 3.1402450960694703 2.0 1.2000000000000002
-1059.1849317368476 -12017.007206380129 3.1402450960694703 2.066708707089237 1.3
-1059.297641232755 -12017.007054497508 3.1402450960694703 2.0914442012131 1.4000000000000001
-1059.4193216528233 -12017.006890526043 3.1402450960694703 2.120102665771402 1.5
-1059.5497650379207 -12017.006714745972 3.1402450960694703 2.120102665771402 1.5
-1059.6887649578703 -12017.006527435471 3.1402450960694703 2.0730936939974 1.6
-1059.836116595826 -12017.006328870542 3.1402450960694703 2.0013953903103507 1.7000000000000002
-1059.9916168283946 -12017.00611932491 3.1402450960694703 2.138425577106534 1.8
-1060.1550643016078 -12017.005899069904 3.1402450960694703 2.138425577106534 1.8
-1060.3262595028423 -12017.005668374384 3.1402450960694703 2.269748294262188 1.9000000000000001
-1060.5050048287915 -12017.00542750463 3.1402450960694703 2.395066555223368 2.0
-1060.691104649585 -12017.005176724264 3.1402450960694703 2.514185651989949 2.1
-1060.8843653691563 -12017.00491629417 3.1402450960694703 2.6269986810772195 2.2
-1061.0845954819547 -12017.004646472413 3.1402450960694703 2.6269986810772195 2.2
-1061.291605626096 -12017.004367514168 3.1402450960694703 2.733473565243946 2.3000000000000003
-1061.5052086330506 -12017.004079671655 3.1402450960694703 2.8336414522189735 2.4000000000000004
-1061.725219573958 -12017.003783194077 3.1402450960694703 2.927586377911403 2.5
-1061.9514558026644 -12017.003478327562 3.1402450960694703 3.0154360878800808 2.6
-1062.1837369955733 -12017.003165315104 3.1402450960694703 3.0154360878800808 2.6
-1062.421885188396 -12017.002844396522 3.1402450960694703 3.097353917102977 2.7
-1062.6657248098986 -12017.002515808406 3.1402450960694703 3.173531634272588 2.8000000000000003
-1062.9150827127257 -12017.002179784087 3.1402450960694703 3.2441831629057183 2.9000000000000004
-1063.1697882013918 -12017.001836553582 3.1402450960694703 3.2441831629057183 2.9000000000000004
-1063.429673057525 -12017.001486343577 3.1402450960694703 3.3095390974588423 3.0
-1063.694571562446 -12017.00112937739 3.1402450960694703 3.3698419383549374 3.1
-1063.9643205171683 -12017.000765874936 3.1402450960694703 3.4253419753317482 3.2
-1064.238759259899 -12017.000396052721 3.1402450960694703 3.4762937537978247 3.3000000000000003
-1064.5177296811228 -12017.000020123805 3.1402450960694703 3.4762937537978247 3.3000000000000003
-1064.8010762363467 -12016.999638297792 3.1402450960694703 3.5229530639192745 3.4000000000000004
-1065.0886459565884 -12016.999250780818 3.1402450960694703 3.5655743969488194 3.5
-1065.380288456681 -12016.998857775536 3.1402450960694703 3.604408817845025 3.6
-1065.6758559414743 -12016.998459481109 3.1402450960694703 3.6397022075119607 3.7
-1065.975203210006 -12016.9980560932 3.1402450960694703 3.6716938320191232 3.8000000000000003
-1066.2781876577174 -12016.997647803983 3.1402450960694703 3.6716938320191232 3.8000000000000003
-1066.5846692767896 -12016.997234802122 3.1402450960694703 3.700615199941512 3.9000000000000004
-1066.8945106546685 -12016.996817272791 3.1402450960694703 3.726689172495211 4.0
-1067.2075769708515 -12016.996395397668 3.1402450960694703 3.750129294441227 4.1000000000000005
-1067.5237359920084 -12016.995969354943 3.1402450960694703 3.7711393167972234 4.2
-1067.8428580655 -12016.99553931933 3.1402450960694703 3.7899128852417237 4.3
-1068.1648161113678 -12016.995105462083 3.1402450960694703 3.7899128852417237 4.3
-1068.4894856128576 -12016.99466795099 3.1402450960694703 3.8066333707275195 4.4
-1068.8167446055413 -12016.994226950406 3.1402450960694703 3.8214738212500787 4.5
-1069.146473665104 -12016.993782621263 3.1402450960694703 3.83459701595275 4.6000000000000005
-1069.4785558938531 -12016.993335121088 3.1402450960694703 3.846155604803664 4.7
-1069.8128769060136 -12016.99288460402 3.1402450960694703 3.856292318959697 4.800000000000001
-1070.1493248118609 -12016.99243122084 3.1402450960694703 3.8651402386508718 4.9
-1070.487790200754 -12016.991975118985 3.1402450960694703 3.8651402386508718 4.9
-1070.828166123113 -12016.991516442573 3.1402450960694703 3.8728231069842365 5.0
-1071.1703480713957 -12016.991055332437 3.1402450960694703 3.87945567948939 5.1000000000000005
-1071.5142339601146 -12016.99059192614 3.1402450960694703 3.885144100518054 5.2
-1071.8597241049404 -12016.990126358016 3.1402450960694703 3.8899862987767277 5.300000000000001
-1072.2067212009226 -12016.989658759187 3.1402450960694703 3.8940723953234384 5.4
-1072.5551302998672 -12016.989189257602 3.1402450960694703 3.8974851183054646 5.5
-1072.904858786889 -12016.988717978064 3.1402450960694703 3.9003002195629497 5.6000000000000005
-1073.2558163561691 -12016.988245042265 3.1402450960694703 3.9025868889812125 5.7
-1073.6079149859231 -12016.987770568821 3.140245096069206 3.9044081631497245 5.800000000000001
-1073.9610689126423 -12016.987294710878 3.1402450960684605 3.9044081631497245 5.800000000000001
-1074.3151946923167 -12016.986895522954 3.1408709277877183 3.905821325485149 5.9
-1074.6702110525332 -12016.986936506024 -3.1404394180005117 3.906878295506005 6.0
-1075.0260374725772 -12016.987832017436 -3.1374369359143324 3.9076260054136314 6.1000000000000005
-1075.382592779664 -12016.989983329613 -3.133441081285612 3.908106762543893 6.2
-1075.7397936350887 -12016.993777944655 -3.128583078379979 3.908358596611866 6.300000000000001
-1076.097556394292 -12016.999422129196 -3.12303256787782 3.9084155909825298 6.4
-1076.4557961865885 -12017.007141328304 -3.116902092041426 3.90830819746893 6.5
-1076.8144274471738 -12017.017124247895 -3.110294454954509 3.9080635343895747 6.6000000000000005
-1077.1733608141499 -12017.029616013313 -3.1032933450618976 3.907705667813011 6.7
-1077.5325092011972 -12017.044730637426 -3.095994288023284 3.907255876083171 6.800000000000001
-1077.891792988014 -12017.062485849434 -3.088483105288137 3.907255876083171 6.800000000000001
-1078.2511360626029 -12017.082943430449 -3.0808275240753216 3.906732897857508 6.9
-1078.6104699718717 -12017.106142172104 -3.073088468744557 3.906153164004278 7.0
-1078.9697246683152 -12017.132214368281 -3.0653217552599963 3.9055310137982717 7.1000000000000005
-1079.3288470860132 -12017.161105480955 -3.0575806085330073 3.9048788959284693 7.2
-1079.6877930303458 -12017.19273313787 -3.049907839204989 3.904207554888731 7.300000000000001
-1080.0465194661997 -12017.227062711483 -3.0423409495425005 3.903526203365913 7.4
-1080.4049881297192 -12017.26404708045 -3.0349131026331153 3.9028426812705193 7.5
-1080.7631496691722 -12017.303760627745 -3.027663931702807 3.902163602074965 7.6000000000000005
-1081.1209835209058 -12017.346028727203 -3.0206144334336753 3.901494487135172 7.7
-1081.4784665009024 -12017.390737608357 -3.013784041116967 3.900839888674014 7.800000000000001
-1081.8355739794501 -12017.4378018458 -3.0071916873225852 3.9002035021012325 7.9
-1082.1922808758993 -12017.487144899493 -3.0008556609749895 3.899588268334998 8.0
-1082.5485480978964 -12017.538783063335 -2.9948062175414747 3.899588268334998 8.0
-1082.9043737681445 -12017.592471173579 -2.989039386492331 3.8989964667762247 8.1
-1083.2597365098459 -12017.648101947792 -2.9835651325433483 3.89842979956897 8.200000000000001
-1083.6146139082002 -12017.705564562182 -2.9783918812022563 3.89788946775948 8.3
-1083.968970135149 -12017.764819274124 -2.9735408794476896 3.8973762399433456 8.4
-1084.3227874756467 -12017.825708751148 -2.9690136843154518 3.8968905139654235 8.5
-1084.6760560115233 -12017.888064945048 -2.9648059680926617 3.8964323722111227 8.6
-1085.0287604580483 -12017.95176905547 -2.9609211588738984 3.8960016310007943 8.700000000000001
-1085.3808822795925 -12018.016733675342 -2.957370661801723 3.895597884571704 8.8
-1085.732407952961 -12018.08285564153 -2.954164968675883 3.895220544104671 8.9
-1086.083342284834 -12018.149948681887 -2.951288522369628 3.8948688722252363 9.0
-1086.4336799698706 -12018.217894068253 -2.948741871705205 3.8945420133824027 9.1
-1086.7834143328903 -12018.28659055448 -2.946532967415603 3.8942390204817 9.200000000000001
-1087.1325413456248 -12018.35593273532 -2.9446738728904105 3.8942390204817 9.200000000000001
-1087.4810709597734 -12018.425754796808 -2.94314423925514 3.893958878123803 9.3
-1087.8290048331778 -12018.495941922014 -2.941943090101092 3.8937005227752106 9.4
-1088.1763441677754 -12018.56638911201 -2.941081261584758 3.8934628601737393 9.5
-1088.523095589557 -12018.636971641838 -2.9405627858375154 3.893244780248789 9.600000000000001
-1088.86926806488 -12018.707559869059 -2.9403689116692724 3.8930451698146507 9.700000000000001
-1089.2148675283706 -12018.778044732315 -2.940497836594278 3.892862923274473 9.8
-1089.559903632248 -12018.848303925768 -2.9409689652636786 3.8926969515529737 9.9
-1089.9043860454226 -12018.91821931311 -2.941768196698083 3.892546189457571 10.0
-1090.2483217864128 -12018.987689480931 -2.9428841393016505 3.892409601650256 10.100000000000001
-1090.5917200595266 -12019.056605433114 -2.9443182552231697 3.892409601650256 10.100000000000001
-1090.9345996861425 -12019.124812099306 -2.946091529514386 3.89228618739631 10.200000000000001
-1091.2769614457084 -12019.19224636072 -2.9481737485834802 3.892174984240754 10.3
-1091.6188132782693 -12019.25881129565 -2.950561873595224 3.892075070749286 10.4
-1091.9601756088373 -12019.324345692798 -2.953273686067044 3.8919855684372893 10.5
-1092.3010532904307 -12019.388767503595 -2.9562951002092714 3.8919056429982968 10.600000000000001
-1092.6414475558925 -12019.452015210805 -2.959611426380671 3.891834504932018 10.700000000000001
-1092.9813721422383 -12019.513959990012 -2.963227847558115 3.891771409661616 10.8
-1093.320844970199 -12019.574444345008 -2.967151941330042 3.8917156572203577 10.9
-1093.659855238168 -12019.633469671402 -2.971355956218576 3.8916665915789768 11.0
-1093.998407783671 -12019.690951317078 -2.9758346592670613 3.8916665915789768 11.0
-1094.336534419077 -12019.746635448035 -2.9806105670757717 3.891623599677023 11.100000000000001
-1094.674210813526 -12019.800599929617 -2.9856454040120237 3.8915861102141496 11.200000000000001
-1095.0114382510098 -12019.852772625545 -2.9909310139341114 3.891553592250583 11.3
-1095.3482426255948 -12019.902909383056 -2.9964812517797608 3.8915255536599433 11.4
-1095.684603881491 -12019.951059833395 -3.0022660707472046 3.891501539472081 11.5
-1096.0205141351578 -12019.997200873213 -3.0082687300631723 3.8914811301386107 11.600000000000001
-1096.3559914893526 -12020.041108945583 -3.014493138849998 3.8914639397493294 11.700000000000001
-1096.691019291072 -12020.082805023925 -3.02091317952422 3.8914639397493294 11.700000000000001
-1097.0255816557924 -12020.122318601503 -3.027504821592894 3.891449614223701 11.8
-1097.3596896681652 -12020.159443396235 -3.0342617568698915 3.89143782949794 11.9
-1097.693326638457 -12020.194195617163 -3.0411558177410165 3.891428289725026 12.0
-1098.0264717821685 -12020.226651619103 -3.0481574460720315 3.8914207255021065 12.100000000000001
-1098.359130521078 -12020.256615991246 -3.0552482853727674 3.8914148921371754 12.200000000000001
-1098.6912833569163 -12020.284136935461 -3.0623933727195567 3.8914105679646966 12.3
-1099.0229084995715 -12020.309326327684 -3.069558832698904 3.8914105679646966 12.3
-1099.3540071886425 -12020.331993432399 -3.076709539774109 3.891407552717825 12.4
-1099.6845566133404 -12020.352264026968 -3.0838023234832903 3.891405665963162 12.5
-1100.0145378867558 -12020.370270090014 -3.0907987540255495 3.891404745602459 12.600000000000001
-1100.3439494548747 -12020.385825234192 -3.0976369993187824 3.8914046464443595 12.700000000000001
-1100.6727680241959 -12020.39917848061 -3.10427131773852 3.8914052388481535 12.8
-1101.0009806880246 -12020.41046565371 -3.1106553217352215 3.891406407440528 12.9
-1101.3285845708103 -12020.419521607833 -3.116681424959479 3.891406407440528 12.9
-1101.655561700263 -12020.426746247917 -3.122320144247015 3.8914080499054746 13.0
-1101.9819074249883 -12020.432214319919 -3.127487696594317 3.891410075846832 13.100000000000001
-1102.3076175435554 -12020.43600228383 -3.1320558829678453 3.8914124057223347 13.200000000000001
-1102.6326875554794 -12020.438471986563 -3.135993730563212 3.8914149698475864 13.3
-1102.9571185874277 -12020.43974621443 -3.1391450178613063 3.8914177074679706 13.4
-1103.2809128524666 -12020.440139466444 -3.141403940477533 3.8914177074679706 13.4
-1103.604075499195 -12020.439977048716 3.140469519147662 3.8914205658962104 13.5
-1103.9266133666933 -12020.439557362835 3.1402450960693065 3.891423499713049 13.600000000000001
-1104.2485341279248 -12020.43912355583 3.1402450960694703 3.891426470028354 13.700000000000001
-1104.5698454398769 -12020.438690570094 3.1402450960694703 3.891429443799804 13.8
-1104.8905550775028 -12020.438258395148 3.1402450960694703 3.891429443799804 13.8
-1105.2106709427349 -12020.437827020345 3.1402450960694703 3.8914323932062587 13.9
-1105.5302010542136 -12020.43739643488 3.1402450960694703 3.891435295072868 14.0
-1105.8491535373112 -12020.436966627802 3.1402450960694703 3.8914381303449614 14.100000000000001
-1106.1675366144405 -12020.436537588032 3.1402450960694703 3.891440883607792 14.200000000000001
-1106.485358595652 -12020.436109304372 3.1402450960694703 3.8914435426492453 14.3
-1106.80262786951 -12020.435681765517 3.1402450960694703 3.8914435426492453 14.3
-1107.119352894241 -12020.43525496007 3.1402450960694703 3.8914460980626986 14.4
-1107.4355421891607 -12020.43482887655 3.1402450960694703 3.891448542887286 14.5
-1107.751204326362 -12020.434403503406 3.1402450960694703 3.89145087228292 14.600000000000001
-1108.06634792267 -12020.433978829025 3.1402450960694703 3.891453083237533 14.700000000000001
-1108.3809816318549 -12020.43355484175 3.1402450960694703 3.891453083237533 14.700000000000001
-1108.6951141370996 -12020.433131529873 3.1402450960694703 3.8914551743040886 14.8
-1109.0087541437185 -12020.432708881666 3.1402450960694703 3.891457145365054 14.9
-1109.321910372123 -12020.432286885381 3.1402450960694703 3.8914589974221214 15.0
-1109.6345915510285 -12020.431865529252 3.1402450960694703 3.8914607324090915 15.100000000000001
-1109.9468064108996 -12020.431444801514 3.1402450960694703 3.8914607324090915 15.100000000000001
-1110.2585636776316 -12020.431024690412 3.1402450960694703 3.8914623530259598 15.200000000000001
-1110.5698720664586 -12020.430605184196 3.1402450960694703 3.89146386259235 15.3
-1110.8807402760897 -12020.430186271149 3.1402450960694703 3.8914652649185633 15.4
-1111.191176983066 -12020.429767939577 3.1402450960694703 3.8914665641926334 15.5
-1111.5011908363356 -12020.429350177825 3.1402450960694703 3.8914665641926334 15.5
-1111.8107904520411 -12020.42893297428 3.1402450960694703 3.891467764881865 15.600000000000001
-1112.1199844085183 -12020.428516317388 3.1402450960694703 3.891468871647472 15.700000000000001
-1112.4287812414977 -12020.428100195642 3.1402450960694703 3.8914698892710016 15.8
-1112.7371894395092 -12020.427684597604 3.1402450960694703 3.8914708225913537 15.9
-1113.0452174394823 -12020.427269511905 3.1402450960694703 3.8914708225913537 15.9
-1113.352873622542 -12020.426854927251 3.1402450960694703 3.891471676451288 16.0
-1113.6601663099898 -12020.426440832429 3.1402450960694703 3.891472455652398 16.1
-1113.967103759474 -12020.42602721631 3.1402450960694703 3.891473164917619 16.2
-1114.2736941613375 -12020.425614067857 3.1402450960694703 3.891473808860424 16.3
-1114.579945635145 -12020.42520137613 3.1402450960694703 3.891473808860424 16.3
-1114.8858662263822 -12020.42478913029 3.1402450960694703 3.8914743919599095 16.400000000000002
-1115.1914639033243 -12020.42437731959 3.1402450960694703 3.8914749185410873 16.5
-1115.4967465540706 -12020.42396593341 3.1402450960694703 3.891475392759711 16.6
-1115.8017219837393 -12020.423554961228 3.1402450960694703 3.8914758185910765 16.7
-1116.1063979118207 -12020.42314439264 3.1402450960694703 3.8914758185910765 16.7
-1116.4107819696846 -12020.422734217367 3.1402450960694703 3.891476199822249 16.8
-1116.7148816982353 -12020.422324425243 3.1402450960694703 3.8914765400472584 16.900000000000002
-1117.018704545717 -12020.42191500623 3.1402450960694703 3.8914768426648276 17.0
-1117.3222578656562 -12020.421505950424 3.1402450960694703 3.8914768426648276 17.0
-1117.6255489149491 -12020.421097248043 3.1402450960694703 3.8914771108782493 17.1
-1117.928584852079 -12020.42068888944 3.1402450960694703 3.891477347697079 17.2
-1118.2313727354674 -12020.420280865104 3.1402450960694703 3.8914775559403347 17.3
-1118.5339195219537 -12020.41987316566 3.1402450960694703 3.8914777382409316 17.400000000000002
-1118.8362320653985 -12020.419465781872 3.1402450960694703 3.8914777382409316 17.400000000000002
-1119.1383171154073 -12020.419058704645 3.1402450960694703 3.891477897051125 17.5
-1119.4401813161733 -12020.418651925023 3.1402450960694703 3.8914780346487388 17.6
-1119.7418312054328 -12020.4182454342 3.1402450960694703 3.8914781531440066 17.7
-1120.0432732135332 -12020.41783922351 3.1402450960694703 3.8914781531440066 17.7
-1120.3445136626065 -12020.417433284432 3.1402450960694703 3.891478254486862 17.8
-1120.645558765848 -12020.417027608595 3.1402450960694703 3.8914783404745386 17.900000000000002
-1120.946414626897 -12020.416622187771 3.1402450960694703 3.891478412759364 18.0
-1121.247087239314 -12020.416217013884 3.1402450960694703 3.8914784728566425 18.1
-1121.547582486153 -12020.415812079009 3.1402450960694703 3.8914784728566425 18.1
-1121.8479061396267 -12020.415407375367 3.1402450960694703 3.891478522152543 18.2
-1122.1480638608587 -12020.415002895328 3.1402450960694703 3.8914785619119137 18.3
-1122.4480611997233 -12020.414598631414 3.1402450960694703 3.8914785932859726 18.400000000000002
-1122.7479035947674 -12020.414194576295 3.1402450960694703 3.8914785932859726 18.400000000000002
-1123.0475963732126 -12020.413790722792 3.1402450960694703 3.8914786173198115 18.5
-1123.3471447510346 -12020.41338706388 3.1402450960694703 3.8914786349596873 18.6
-1123.646553833118 -12020.412983592674 3.1402450960694703 3.8914786470600533 18.7
-1123.945828613483 -12020.412580302449 3.1402450960694703 3.8914786470600533 18.7
-1124.2449739755796 -12020.412177186623 3.1402450960694703 3.891478654390322 18.8
-1124.543994692652 -12020.411774238763 3.1402450960694703 3.8914786576413283 18.900000000000002
-1124.842895428165 -12020.411371452587 3.1402450960694703 3.8914786574314872 19.0
-1125.141680736294 -12020.410968821952 3.1402450960694703 3.8914786543126376 19.1
-1125.440355062471 -12020.410566340874 3.1402450960694703 3.8914786543126376 19.1
-1125.7389227439944 -12020.410164003508 3.1402450960694703 3.8914786487755695 19.200000000000003
-1126.0373880106877 -12020.409761804149 3.1402450960694703 3.8914786412552296 19.3
-1126.335754985614 -12020.409359737245 3.1402450960694703 3.891478632135614 19.400000000000002
-1126.6340276858405 -12020.408957797381 3.1402450960694703 3.891478632135614 19.400000000000002
-1126.932210023252 -12020.408555979286 3.1402450960694703 3.8914786217543504 19.5
-1127.230305805412 -12020.408154277831 3.1402450960694703 3.8914786104069803 19.6
-1127.5283187364646 -12020.407752688021 3.1402450960694703 3.89147859835094 19.700000000000003
-1127.8262524180839 -12020.407351205004 3.1402450960694703 3.89147859835094 19.700000000000003
-1128.1241103504622 -12020.406949824064 3.1402450960694703 3.891478585809269 19.8
-1128.4218959333355 -12020.40654854062 3.1402450960694703 3.891478572974037 19.900000000000002
-1128.7196124670495 -12020.406147350224 3.1402450960694703 3.891478560009514 20.0
-1129.0172631536595 -12020.40574624856 3.1402450960694703 3.891478560009514 20.0
-1129.314851098064 -12020.405345231444 3.1402450960694703 3.8914785470550948 20.1
-1129.6123793091713 -12020.404944294822 3.1402450960694703 3.8914785342279825 20.200000000000003
-1129.9098507010967 -12020.40454343477 3.1402450960694703 3.891478521625656 20.3
-1130.207268094389 -12020.404142647481 3.1402450960694703 3.8914785093281252 20.400000000000002
-1130.504634217286 -12020.403741929284 3.1402450960694703 3.8914785093281252 20.400000000000002
-1130.801951706993 -12020.403341276622 3.1402450960694703 3.8914784973999854 20.5
-1131.0992231109915 -12020.402940686063 3.1402450960694703 3.891478485892296 20.6
-1131.3964508883682 -12020.402540154295 3.1402450960694703 3.8914784748442792 20.700000000000003
-1131.6936374111667 -12020.402139678119 3.1402450960694703 3.8914784748442792 20.700000000000003
-1131.9907849657627 -12020.401739254454 3.1402450960694703 3.8914784642848654 20.8
-1132.2878957542573 -12020.401338880334 3.1402450960694703 3.8914784542340826 20.900000000000002
-1132.5849718958912 -12020.400938552904 3.1402450960694703 3.891478444704316 21.0
-1132.882015428475 -12020.400538269416 3.1402450960694703 3.891478444704316 21.0
-1133.1790283098383 -12020.400138027231 3.1402450960694703 3.891478435701434 21.1
-1133.4760124192942 -12020.399737823818 3.1402450960694703 3.8914784272258 21.200000000000003
-1133.7729695591186 -12020.399337656749 3.1402450960694703 3.891478419273178 21.3
-1134.0699014560437 -12020.398937523696 3.1402450960694703 3.891478419273178 21.3
-1134.3668097627653 -12020.398537422432 3.1402450960694703 3.8914784118355366 21.400000000000002
-1134.6636960594624 -12020.398137350829 3.1402450960694703 3.891478404901763 21.5
-1134.9605618553276 -12020.39773730685 3.1402450960694703 3.891478398458299 21.6
-1135.2574085901108 -12020.397337288558 3.1402450960694703 3.891478392489696 21.700000000000003
-1135.55423763567 -12020.396937294105 3.1402450960694703 3.891478392489696 21.700000000000003
-1135.851050297534 -12020.396537321727 3.1402450960694703 3.891478386979108 21.8
-1136.1478478164724 -12020.396137369757 3.1402450960694703 3.891478381908717 21.900000000000002
-1136.4446313700755 -12020.395737436605 3.1402450960694703 3.89147837726011 22.0
-1136.7414020743402 -12020.395337520767 3.1402450960694703 3.89147837726011 22.0
-1137.0381609852636 -12020.394937620824 3.1402450960694703 3.8914783730146003 22.1
-1137.334909100444 -12020.394537735428 3.1402450960694703 3.8914783691535066 22.200000000000003
-1137.6316473606867 -12020.394137863312 3.1402450960694703 3.89147836565839 22.3
-1137.9283766516148 -12020.393738003282 3.1402450960694703 3.89147836565839 22.3
-1138.2250978052884 -12020.393338154217 3.1402450960694703 3.891478362511258 22.400000000000002
-1138.5218116018243 -12020.392938315068 3.1402450960694703 3.8914783596947347 22.5
-1138.8185187710228 -12020.39253848485 3.1402450960694703 3.8914783571921983 22.6
-1139.115219993997 -12020.392138662643 3.1402450960694703 3.8914783571921983 22.6
-1139.4119159048073 -12020.391738847595 3.1402450960694703 3.8914783549879033 22.700000000000003
-1139.7086070920968 -12020.391339038912 3.1402450960694703 3.8914783530670674 22.8
-1140.0052941007314 -12020.39093923586 3.1402450960694703 3.8914783514159486 22.900000000000002
-1140.3019774334423 -12020.390539437762 3.1402450960694703 3.8914783514159486 22.900000000000002
-1140.5986575524703 -12020.390139643994 3.1402450960694703 3.891478350021899 23.0
-1140.8953348812117 -12020.389739853988 3.1402450960694703 3.891478348873403 23.1
-1141.192009805869 -12020.38934006722 3.1402450960694703 3.8914783479601036 23.200000000000003
-1141.4886826770987 -12020.38894028322 3.1402450960694703 3.891478347272812 23.3
-1141.785353811665 -12020.388540501557 3.1402450960694703 3.891478347272812 23.3
-1142.0820234940911 -12020.388140721856 3.1402450960694703 3.8914783468035083 23.400000000000002
-1142.3786919783156 -12020.387740943766 3.1402450960694703 3.8914783465453295 23.5
-1142.6753594893453 -12020.387341166988 3.1402450960694703 3.8914783464925495 23.6
-1142.972026224913 -12020.386941391256 3.1402450960694703 3.8914783464925495 23.6
-1143.2686923571334 -12020.386541616335 3.1402450960694703 3.8914783466405467 23.700000000000003
-1143.5653580341605 -12020.386141842031 3.1402450960694703 3.891478346985762 23.8
-1143.8620233818463 -12020.385742068169 3.1402450960694703 3.891478347525652 23.900000000000002
-1144.1586885053975 -12020.385342294607 3.1402450960694703 3.891478347525652 23.900000000000002
-1144.4553534910365 -12020.384942521234 3.1402450960694703 3.8914783482586244 24.0
-1144.7520184076575 -12020.384542747952 3.1402450960694703 3.891478349183972 24.1
-1145.0486833084883 -12020.384142974692 3.1402450960694703 3.891478350301792 24.200000000000003
-1145.3453482327482 -12020.3837432014 3.1402450960694703 3.891478350301792 24.200000000000003
-1145.6420132073079 -12020.38334342804 3.1402450960694703 3.891478351612891 24.3
-1145.9386782483484 -12020.382943654591 3.1402450960694703 3.891478353118685 24.400000000000002
-1146.235343363022 -12020.382543881044 3.1402450960694703 3.891478354821082 24.5
-1146.5320085511103 -12020.382144107396 3.1402450960694703 3.8914783567223474 24.6
-1146.828673806685 -12020.381744333657 3.1402450960694703 3.8914783567223474 24.6
-1147.1253391197667 -12020.381344559843 3.1402450960694703 3.89147835882496 24.700000000000003
-1147.4220044779852 -12020.380944785966 3.1402450960694703 3.891478361131445 24.8
-1147.7186698682385 -12020.380545012047 3.1402450960694703 3.891478363644188 24.900000000000002
-1148.015335278354 -12020.3801452381 3.1402450960694703 3.891478363644188 24.900000000000002
-1148.3120006989084 -12020.379745464139 3.1402450960694703 3.891478366365231 25.0
