-1060.042866203239 -12020.560900904806 -3.141562234452765 2 0.0
-1060.5180634583285 -12020.560915359896 -3.141562428148009 2 0.9
-1060.9980174206391 -12020.560929773752 -3.1415629992060388 2 1.2000000000000002
-1061.4875365868138 -12020.560944105415 -3.1415639189686533 2.5775574481358077 1.5
-1061.991530512901 -12020.560958314123 -3.141565082148146 2.9775545332729974 1.7000000000000002
-1062.5126810564773 -12020.560972359475 -3.141566312007056 3.1775340598944792 1.8
-1063.0506022918491 -12020.560986201535 -3.1415675241656 3.577535461911167 2.0
-1063.6050844819974 -12020.560999800957 -3.141568728452217 3.7774821245518955 2.1
-1064.1760907805565 -12020.561013119068 -3.1415698993718975 4.170003340494261 2.3000000000000003
-1064.7620391502846 -12020.561026118043 -3.1415710161298938 4.358475368114732 2.4000000000000004
-1065.3615011646093 -12020.561038760945 -3.1415720942922913 4.714147780191453 2.6
-1065.9731867780065 -12020.561051011895 -3.1415731458043825 4.880273792622369 2.7
-1066.595930254689 -12020.561062836168 -3.1415741798899712 5.038308285337957 2.8000000000000003
-1067.2286776367034 -12020.561074200317 -3.1415752036537814 5.1882575542911535 2.9000000000000004
-1067.870475676045 -12020.561085072288 -3.141576222559743 5.46447285840221 3.1
-1068.5204620275854 -12020.561095421499 -3.141577240729638 5.591202112009381 3.2
-1069.1778565033876 -12020.561105218992 -3.1415782611732395 5.710726736743653 3.3000000000000003
-1069.84195322815 -12020.561114437525 -3.1415792860120897 5.823362326173154 3.4000000000000004
-1070.5121135735772 -12020.561123051662 -3.14158031659444 5.929434838401141 3.5
-1071.187759777548 -12020.561131037899 -3.1415813535977968 6.123202034150555 3.7
-1071.86836917285 -12020.561138374758 -3.141582397141046 6.211541161190042 3.8000000000000003
-1072.5534689628148 -12020.561145042875 -3.1415834468506048 6.294599475031832 3.9000000000000004
-1073.2426314899062 -12020.561151025095 -3.141584501903193 6.372674869312371 4.0
-1073.9354699497953 -12020.56115630657 -3.1415855611062447 6.446052786607308 4.1000000000000005
-1074.6316345086034 -12020.561160874811 -3.1415866229243212 6.515005609809172 4.2
-1075.3308087853218 -12020.561164719793 -3.141587685518974 6.579792418954218 4.3
-1076.0327066651407 -12020.56116783399 -3.141588746791969 6.6406590123476095 4.4
-1076.7370694127685 -12020.561170212462 -3.141589804415064 6.697838115951057 4.5
-1077.4436630577343 -12020.561171852874 -3.1415908558544956 6.751549724028568 4.6000000000000005
-1078.1522760263613 -12020.561172755572 -3.141591898417054 6.8020015284585496 4.7
-1078.862716997459 -12020.561172923557 3.1415923779250408 6.849389405026431 4.800000000000001
-1079.5748129609265 -12020.56117236258 3.1415913617749096 6.893897933257439 4.9
-1080.2884074604185 -12020.561171081074 3.141590363353913 6.935700932574042 5.0
-1081.0033590029482 -12020.561169090202 3.141589385791092 6.974962002256745 5.1000000000000005
-1081.719539619882 -12020.561166403828 3.1415884322196246 7.011835056218707 5.2
-1082.4368335652282 -12020.561163038452 3.1415875057953153 7.04646484625615 5.300000000000001
-1083.1551361383679 -12020.561159013212 3.141586609661139 7.109530856644069 5.5
-1083.874352619594 -12020.561154349787 3.141585746927581 7.138215240826105 5.6000000000000005
-1084.5943973078424 -12020.561149072371 3.141584920647402 7.165153603441091 5.7
-1085.3151926509843 -12020.561143207551 3.1415841337681067 7.1904520992651575 5.800000000000001
-1086.0366684599205 -12020.561136784218 3.1415833891342606 7.21421045929 5.9
-1086.7587611985107 -12020.561129833452 3.1415826894623358 7.236522372174982 6.0
-1087.4814133420941 -12020.561122388406 3.14158203732101 7.257475844806506 6.1000000000000005
-1088.2045727980349 -12020.561114484168 3.14158143508162 7.277153542675708 6.2
-1088.9281923823046 -12020.561106157571 3.1415808849293176 7.29563311087719 6.300000000000001
-1089.6522293466978 -12020.56109744708 3.141580388834252 7.312987476584893 6.4
-1090.3766449517477 -12020.561088392566 3.1415799485355125 7.329285133887008 6.5
-1091.1014040808884 -12020.561079035166 3.1415795655366576 7.344590411867201 6.6000000000000005
-1091.826474891828 -12020.56106941706 3.141579241051198 7.358963726810314 6.7
-1092.5518285014696 -12020.56105958125 3.141578976033626 7.358963726810314 6.7
-1093.2774387010695 -12020.56104957139 3.141578771144101 7.372461819391362 6.800000000000001
-1094.003281698647 -12020.56103943151 3.141578626759656 7.38513797768028 6.9
-1094.7293358859333 -12020.561029205863 3.1415785429630056 7.397042246763851 7.0
-1095.4555816274167 -12020.561018938643 3.141578519493877 7.408221625752495 7.1000000000000005
-1096.1820010692827 -12020.561008673754 3.141578555813208 7.418720252904063 7.2
-1096.9085779662473 -12020.56099845463 3.1415786510684818 7.428579579561015 7.300000000000001
-1097.635297524492 -12020.560988323949 3.141578804094216 7.437838533561385 7.4
-1098.3621462590688 -12020.560978323454 3.1415790134288213 7.446533672748766 7.5
-1099.0891118643117 -12020.5609684937 3.141579277305241 7.454699329172269 7.6000000000000005
-1099.8161830959327 -12020.560958873859 3.1415795936992152 7.46236774453425 7.7
-1100.5433496635894 -12020.56094950153 3.1415799602950374 7.469569197411894 7.800000000000001
-1101.2706021328584 -12020.560940412506 3.1415803745114133 7.476332122748289 7.9
-1101.9979318356104 -12020.560931640619 3.1415808335198756 7.48268322407979 8.0
-1102.7253307879112 -12020.560923217528 3.141581334280728 7.488647578938914 8.1
-1103.4527916146226 -12020.560915172628 3.141581873560285 7.494248737846077 8.200000000000001
-1104.1803074799775 -12020.560907532852 3.1415824479206345 7.499508817278793 8.3
-1104.9078720234327 -12020.560900322573 3.141583053761953 7.5044485869837745 8.4
-1105.6354793002026 -12020.560893563466 3.141583687349841 7.509087551975383 8.5
-1106.363123725877 -12020.560887274449 3.141584344848928 7.5134440295432725 8.6
-1107.090800024613 -12020.560881471594 3.1415850223340023 7.51753522157249 8.700000000000001
-1107.8185031804003 -12020.560876168085 3.141585715809912 7.521377282461125 8.8
-1108.5462283909417 -12020.56087137416 3.1415864212602225 7.524985382903173 8.9
-1109.2739710237076 -12020.560867097136 3.141587134679642 7.528373769788192 9.0
-1110.0017265737715 -12020.560863341401 3.141587852056463 7.53155582245403 9.1
-1110.7294906230093 -12020.560860108413 3.1415885694424976 7.534544105514483 9.200000000000001
-1111.4572588002964 -12020.560857396795 3.1415892829692798 7.537350418470455 9.3
-1112.185026742326 -12020.560855202353 3.141589988875517 7.539985842300291 9.4
-1112.9127900546837 -12020.560853518218 3.1415906835183 7.542460783213242 9.5
-1113.64054427281 -12020.560852334876 3.1415913633905603 7.544785013738729 9.600000000000001
-1114.3682848224948 -12020.560851640335 3.1415920251760223 7.546967711313615 9.700000000000001
-1115.096006979512 -12020.560851420238 -3.141592641445419 7.549017494519807 9.8
-1115.8237058280322 -12020.560851658003 -3.1415920250431517 7.55094245711527 9.9
-1116.551376217405 -12020.560852334997 -3.141591435483412 7.552750199992765 10.0
-1117.279012716897 -12020.560853430712 -3.1415908752447352 7.554447861192538 10.100000000000001
-1118.006609567955 -12020.560854922893 -3.14159034655885 7.554447861192538 10.100000000000001
-1118.7341606335258 -12020.560856787772 -3.1415898513757377 7.5560421440874155 10.200000000000001
-1119.4616593439453 -12020.560859000241 -3.1415893914024453 7.557539343851609 10.3
-1120.1890986388635 -12020.560861534039 -3.1415889680681537 7.558945372317723 10.4
-1120.916470904636 -12020.560864361967 -3.141588582520498 7.5602657813201395 10.5
-1121.6437679065623 -12020.560867456084 -3.141588235665664 7.561505784616902 10.600000000000001
-1122.3709807153136 -12020.560870787867 -3.141587928137217 7.5626702784766975 10.700000000000001
-1123.0980996268024 -12020.560874328447 -3.141587660277434 7.563763861012226 10.8
-1123.8251140747163 -12020.560878048796 -3.141587432202436 7.56479085033623 10.9
-1124.5520125348385 -12020.560881919877 -3.141587243782291 7.565755301611987 11.0
-1125.2787824202046 -12020.560885912852 -3.1415870946448843 7.5666610230654605 11.100000000000001
-1126.0054099660588 -12020.560889999224 -3.1415869841822825 7.567511591022453 11.200000000000001
-1126.7318801034587 -12020.560894151047 -3.141586911585911 7.568310364030038 11.3
-1127.4581763202802 -12020.56089834101 -3.141586875875489 7.569060496118104 11.4
-1128.1842805082415 -12020.5609025426 -3.1415868758616186 7.569764949253332 11.5
-1128.910172794417 -12020.560906730252 -3.141586910203544 7.570426505034795 11.600000000000001
-1129.6358313555938 -12020.560910879423 -3.141586977433131 7.571047775677351 11.700000000000001
-1130.3612322136144 -12020.560914966703 -3.1415870759299893 7.571631214326234 11.8
-1131.0863490096883 -12020.560918969933 -3.141587203980587 7.572179124743512 11.9
-1131.8111527554504 -12020.560922868226 -3.14158735978222 7.572693670404703 12.0
-1132.5356115582974 -12020.56092664208 -3.1415875414583345 7.573176883041484 12.100000000000001
-1133.259690318318 -12020.560930273377 -3.1415877470826055 7.573630670664138 12.200000000000001
-1133.9833503938112 -12020.560933745466 -3.1415879746918236 7.574056825095536 12.3
-1134.7065492321228 -12020.560937043138 -3.1415882223113236 7.574457029046314 12.4
-1135.4292399621697 -12020.56094015267 -3.141588487936489 7.574832862759203 12.5
-1136.1513709446504 -12020.56094306184 -3.1415887695985605 7.574832862759203 12.5
-1136.8728852755444 -12020.560945759866 -3.141589065365129 7.575185810248773 12.600000000000001
-1137.5937202380117 -12020.560948237417 -3.1415893733167186 7.575517265161202 12.700000000000001
-1138.313806697351 -12020.560950486599 -3.1415896915889236 7.575828536277215 12.8
-1139.0330684330695 -12020.5609525009 -3.1415900183869603 7.576120852679928 12.9
-1139.7514214015298 -12020.560954275155 -3.1415903519889814 7.576395368608003 13.0
-1140.4687729219481 -12020.560955805488 -3.141590690738009 7.576653168013259 13.100000000000001
-1141.1850207777761 -12020.560957089287 -3.1415910330860397 7.576895268840764 13.200000000000001
-1141.9000522246456 -12020.56095812509 -3.1415913775646263 7.577122627048283 13.3
-1142.6137428951608 -12020.560958912603 -3.141591722787431 7.577336140380968 13.4
-1143.3259555897866 -12020.56095945258 -3.1415920674999303 7.577536651916186 13.5
-1144.0365389419828 -12020.56095974677 -3.1415924105237236 7.577724953392486 13.600000000000001
-1144.745325944509 -12020.560959797887 3.141592556375199 7.577901788335864 13.700000000000001
-1145.4521323224967 -12020.56095960949 3.141592219780082 7.578067854995641 13.8
-1146.1567547375173 -12020.560959185961 3.1415918877124467 7.578223809101555 13.9
-1146.858968805479 -12020.560958532422 3.1415915609007925 7.578370266452982 14.0
-1147.5585269099915 -12020.56095765469 3.14159123997886 7.578507805350473 14.100000000000001
-1148.2551557921704 -12020.560956559222 3.1415909254336842 7.578507805350473 14.100000000000001
-1148.9485538984543 -12020.56095525301 3.141590617653158 7.578636968879238 14.200000000000001
-1149.6383884711531 -12020.56095374359 3.1415903169406256 7.578758267053545 14.3
-1150.3242923744085 -12020.560952038975 3.141590023457969 5.929434838401141 14.4
-1151.0058606643647 -12020.560950147586 3.1415897372434896 5.823362326173154 14.5
-1151.682646940949 -12020.560948078219 3.141589458213393 5.710726736743653 14.600000000000001
-1152.3541595631757 -12020.56094583999 3.1415891861889733 5.591202112009381 14.700000000000001
-1153.019857868053 -12020.560943442353 3.141588920833774 5.46447285840221 14.8
-1153.6791485866447 -12020.56094089497 3.141588661677778 5.1882575542911535 14.9
-1154.3313826486622 -12020.560938207766 3.14158840814887 5.038308285337957 14.9
-1154.9758524078063 -12020.560935390864 3.141588159497352 4.880273792622369 15.0
-1155.6117888546282 -12020.560932454553 3.1415879148142816 4.714147780191453 15.100000000000001
-1156.2383574880412 -12020.560929409274 3.1415876738099477 4.358475368114732 15.200000000000001
-1156.8548466914224 -12020.560926265603 3.141587436099254 4.170003340494261 15.3
-1157.4604664939582 -12020.560923034216 3.1415872003720757 3.7774821245518955 15.4
-1158.0543404347836 -12020.560919725884 3.141586965021396 3.577535461911167 15.4
-1158.6354970127315 -12020.560916351473 3.141586728031002 3.1775340598944792 15.5
-1159.2028616657733 -12020.560912921897 3.1415864868827277 2.9775545332729974 15.600000000000001
-1159.7552478396265 -12020.560909448124 3.141586258880057 2.5775574481358077 15.700000000000001
-1160.294718984215 -12020.560905941156 3.141586064512027 2 15.700000000000001
-1160.8232351520123 -12020.56090241204 3.1415859308041165 2 15.8
-1161.3463034149213 -12020.560898871827 3.1415858854223577 2 15.9
