0.1	1.98811e-05	0.448017	4.72936e-05
0.1	3.97622e-05	0.44802	9.45872e-05
0.1	5.96432e-05	0.448024	0.000141881
0.1	7.95243e-05	0.448031	0.000189174
0.1	9.94054e-05	0.448039	0.000236468
0.1	0.000119287	0.448049	0.000283761
0.1	0.000139168	0.448061	0.000331054
0.1	0.000159049	0.448075	0.000378347
0.1	0.00017893	0.448091	0.000425639
0.1	0.000198811	0.448109	0.000472932
0.1	0.000218692	0.448128	0.000520224
0.1	0.000238573	0.44815	0.000567516
0.1	0.000258455	0.448173	0.000614808
0.1	0.000278336	0.448198	0.000662099
0.1	0.000298217	0.448225	0.00070939
0.1	0.000318099	0.448254	0.00075668
0.1	0.00033798	0.448285	0.000803971
0.1	0.000357861	0.448317	0.00085126
0.1	0.000377743	0.448351	0.00089855
0.1	0.000397624	0.448388	0.000945838
0.1	0.000417505	0.448426	0.000993127
0.1	0.000437387	0.448466	0.00104041
0.1	0.000457268	0.448508	0.0010877
0.1	0.00047715	0.448551	0.00113499
0.1	0.000497032	0.448597	0.00118227
0.1	0.000516913	0.448644	0.00122956
0.1	0.000536795	0.448693	0.00127684
0.1	0.000556677	0.448744	0.00132413
0.1	0.000576559	0.448797	0.00137141
0.1	0.000596441	0.448852	0.00141869
0.1	0.000616322	0.448908	0.00146598
0.1	0.000636204	0.448967	0.00151326
0.1	0.000656086	0.449027	0.00156054
0.1	0.000675969	0.449089	0.00160782
0.1	0.000695851	0.449153	0.00165509
0.1	0.000715733	0.449219	0.00170237
0.1	0.000735615	0.449287	0.00174965
0.1	0.000755498	0.449356	0.00179692
0.1	0.00077538	0.449428	0.0018442
0.1	0.000795262	0.449501	0.00189147
0.1	0.000815145	0.449576	0.00193875
0.1	0.000835028	0.449653	0.00198602
0.1	0.00085491	0.449731	0.00203329
0.1	0.000874793	0.449812	0.00208056
0.1	0.000894676	0.449894	0.00212783
0.1	0.000914559	0.449978	0.00217509
0.1	0.000934442	0.450064	0.00222236
0.1	0.000954325	0.450152	0.00226962
0.1	0.000974208	0.450242	0.00231689
0.1	0.000994092	0.450333	0.00236415
0.1	0.00101398	0.450427	0.00241141
0.1	0.00103386	0.450522	0.00245867
0.1	0.00105374	0.450619	0.00250593
0.1	0.00107363	0.450717	0.00255319
0.1	0.00109351	0.450818	0.00260044
0.1	0.00111339	0.45092	0.00264769
0.1	0.00113328	0.451025	0.00269495
0.1	0.00115316	0.451131	0.0027422
0.1	0.00117305	0.451238	0.00278945
0.1	0.00119293	0.451348	0.0028367
0.1	0.00121281	0.45146	0.00288394
0.1	0.0012327	0.451573	0.00293119
0.1	0.00125258	0.451688	0.00297843
0.1	0.00127247	0.451805	0.00302567
0.1	0.00129235	0.451923	0.00307291
0.1	0.00131224	0.452044	0.00312015
0.1	0.00133212	0.452166	0.00316739
0.1	0.00135201	0.45229	0.00321462
0.1	0.00137189	0.452416	0.00326186
0.1	0.00139178	0.452544	0.00330909
0.1	0.00141167	0.452673	0.00335632
0.1	0.00143155	0.452804	0.00340355
0.1	0.00145144	0.452937	0.00345077
0.1	0.00147132	0.453072	0.003498
0.1	0.00149121	0.453209	0.00354522
0.1	0.0015111	0.453347	0.00359244
0.1	0.00153098	0.453487	0.00363966
0.1	0.00155087	0.453629	0.00368687
0.1	0.00157076	0.453773	0.00373409
0.1	0.00159064	0.453918	0.0037813
0.1	0.00161053	0.454066	0.00382851
0.1	0.00163042	0.454215	0.00387572
0.1	0.00165031	0.454365	0.00392292
0.1	0.00167019	0.454518	0.00397012
0.1	0.00169008	0.454672	0.00401733
0.1	0.00170997	0.454828	0.00406452
0.1	0.00172986	0.454986	0.00411172
0.1	0.00174975	0.455146	0.00415892
0.1	0.00176963	0.455307	0.00420611
0.1	0.00178952	0.45547	0.0042533
0.1	0.00180941	0.455635	0.00430048
0.1	0.0018293	0.455801	0.00434767
0.1	0.00184919	0.45597	0.00439485
0.1	0.00186908	0.45614	0.00444203
0.1	0.00188897	0.456311	0.00448921
0.1	0.00190886	0.456485	0.00453638
0.1	0.00192875	0.45666	0.00458356
0.1	0.00194864	0.456837	0.00463073
0.1	0.00196853	0.457016	0.00467789
0.1	0.00198842	0.457196	0.00472506
0.1	0.00200831	0.457378	0.00477222
0.1	0.0020282	0.457562	0.00481938
0.1	0.00204809	0.457748	0.00486654
0.1	0.00206798	0.457935	0.00491369
0.1	0.00208788	0.458124	0.00496084
0.1	0.00210777	0.458315	0.00500799
0.1	0.00212766	0.458507	0.00505513
0.1	0.00214755	0.458701	0.00510228
0.1	0.00216744	0.458897	0.00514941
0.1	0.00218734	0.459095	0.00519655
0.1	0.00220723	0.459294	0.00524368
0.1	0.00222712	0.459495	0.00529082
0.1	0.00224702	0.459697	0.00533794
0.1	0.00226691	0.459902	0.00538507
0.1	0.0022868	0.460108	0.00543219
0.1	0.0023067	0.460315	0.00547931
0.1	0.00232659	0.460524	0.00552642
0.1	0.00234649	0.460735	0.00557353
0.1	0.00236638	0.460948	0.00562064
0.1	0.00238628	0.461162	0.00566775
0.1	0.00240617	0.461378	0.00571485
0.1	0.00242607	0.461596	0.00576195
0.1	0.00244596	0.461815	0.00580904
0.1	0.00246586	0.462036	0.00585614
0.1	0.00248576	0.462259	0.00590322
0.1	0.00250565	0.462483	0.00595031
0.1	0.00252555	0.462709	0.00599739
0.1	0.00254545	0.462937	0.00604447
0.1	0.00256535	0.463166	0.00609155
0.1	0.00258524	0.463397	0.00613862
0.1	0.00260514	0.463629	0.00618568
0.1	0.00262504	0.463863	0.00623275
0.1	0.00264494	0.464099	0.00627981
0.1	0.00266484	0.464336	0.00632687
0.1	0.00268474	0.464575	0.00637392
0.1	0.00270464	0.464816	0.00642097
0.1	0.00272454	0.465058	0.00646801
0.1	0.00274444	0.465302	0.00651506
0.1	0.00276434	0.465547	0.00656209
0.1	0.00278424	0.465794	0.00660913
0.1	0.00280414	0.466043	0.00665616
0.1	0.00282404	0.466293	0.00670318
0.1	0.00284394	0.466545	0.00675021
0.1	0.00286384	0.466798	0.00679722
0.1	0.00288375	0.467053	0.00684424
0.1	0.00290365	0.46731	0.00689125
0.1	0.00292355	0.467568	0.00693825
0.1	0.00294345	0.467828	0.00698526
0.1	0.00296336	0.468089	0.00703225
0.1	0.00298326	0.468352	0.00707925
0.1	0.00300317	0.468616	0.00712624
0.1	0.00302307	0.468882	0.00717322
0.1	0.00304298	0.46915	0.0072202
0.1	0.00306288	0.469419	0.00726718
0.1	0.00308279	0.46969	0.00731415
0.1	0.00310269	0.469962	0.00736112
0.1	0.0031226	0.470236	0.00740808
0.1	0.00314251	0.470511	0.00745504
0.1	0.00316241	0.470788	0.007502
0.1	0.00318232	0.471066	0.00754895
0.1	0.00320223	0.471346	0.00759589
0.1	0.00322214	0.471627	0.00764283
0.1	0.00324205	0.47191	0.00768977
0.1	0.00326196	0.472195	0.0077367
0.1	0.00328187	0.472481	0.00778362
0.1	0.00330178	0.472768	0.00783055
0.1	0.00332169	0.473057	0.00787746
0.1	0.0033416	0.473348	0.00792438
0.1	0.00336151	0.47364	0.00797128
0.1	0.00338142	0.473934	0.00801819
0.1	0.00340133	0.474229	0.00806508
0.1	0.00342124	0.474525	0.00811198
0.1	0.00344116	0.474823	0.00815887
0.1	0.00346107	0.475123	0.00820575
0.1	0.00348098	0.475424	0.00825263
0.1	0.0035009	0.475726	0.0082995
0.1	0.00352081	0.47603	0.00834637
0.1	0.00354072	0.476335	0.00839323
0.1	0.00356064	0.476642	0.00844009
0.1	0.00358056	0.47695	0.00848694
0.1	0.00360047	0.47726	0.00853379
0.1	0.00362039	0.477571	0.00858063
0.1	0.0036403	0.477884	0.00862746
0.1	0.00366022	0.478198	0.00867429
0.1	0.00368014	0.478514	0.00872112
0.1	0.00370006	0.478831	0.00876794
0.1	0.00371998	0.479149	0.00881475
0.1	0.0037399	0.479469	0.00886156
0.1	0.00375982	0.47979	0.00890837
0.1	0.00377974	0.480113	0.00895516
0.1	0.00379966	0.480437	0.00900196
0.1	0.00381958	0.480763	0.00904874
0.1	0.0038395	0.48109	0.00909553
0.1	0.00385942	0.481418	0.0091423
0.1	0.00387934	0.481748	0.00918907
0.1	0.00389927	0.482079	0.00923583
0.1	0.00391919	0.482412	0.00928259
0.1	0.00393911	0.482746	0.00932934
0.1	0.00395904	0.483081	0.00937609
0.1	0.00397896	0.483418	0.00942283
0.1	0.00399889	0.483756	0.00946957
0.1	0.00401881	0.484095	0.00951629
0.1	0.00403874	0.484436	0.00956302
0.1	0.00405867	0.484778	0.00960973
0.1	0.0040786	0.485122	0.00965644
0.1	0.00409852	0.485467	0.00970315
0.1	0.00411845	0.485813	0.00974984
0.1	0.00413838	0.486161	0.00979654
0.1	0.00415831	0.48651	0.00984322
0.1	0.00417824	0.48686	0.0098899
0.1	0.00419817	0.487212	0.00993657
0.1	0.0042181	0.487565	0.00998324
0.1	0.00423803	0.487919	0.0100299
0.1	0.00425797	0.488275	0.0100766
0.1	0.0042779	0.488632	0.0101232
0.1	0.00429783	0.48899	0.0101698
0.1	0.00431777	0.48935	0.0102165
0.1	0.0043377	0.489711	0.0102631
0.1	0.00435764	0.490073	0.0103097
0.1	0.00437757	0.490437	0.0103563
0.1	0.00439751	0.490802	0.0104029
0.1	0.00441744	0.491168	0.0104495
0.1	0.00443738	0.491536	0.0104961
0.1	0.00445732	0.491904	0.0105427
0.1	0.00447726	0.492274	0.0105893
0.1	0.0044972	0.492646	0.0106359
0.1	0.00451714	0.493018	0.0106824
0.1	0.00453708	0.493392	0.010729
0.1	0.00455702	0.493767	0.0107756
0.1	0.00457696	0.494144	0.0108221
0.1	0.0045969	0.494521	0.0108686
0.1	0.00461684	0.4949	0.0109152
0.1	0.00463679	0.49528	0.0109617
0.1	0.00465673	0.495662	0.0110082
0.1	0.00467667	0.496045	0.0110547
0.1	0.00469662	0.496428	0.0111012
0.1	0.00471657	0.496814	0.0111477
0.1	0.00473651	0.4972	0.0111942
0.1	0.00475646	0.497588	0.0112407
0.1	0.00477641	0.497976	0.0112872
0.1	0.00479635	0.498366	0.0113336
0.1	0.0048163	0.498758	0.0113801
0.1	0.00483625	0.49915	0.0114265
0.1	0.0048562	0.499544	0.011473
0.1	0.00487615	0.499939	0.0115194
0.1	0.00489611	0.500335	0.0115658
0.1	0.00491606	0.500732	0.0116123
0.1	0.00493601	0.501131	0.0116587
0.1	0.00495596	0.50153	0.0117051
0.1	0.00497592	0.501931	0.0117515
0.1	0.00499587	0.502333	0.0117979
0.1	0.00501583	0.502736	0.0118442
0.1	0.00503578	0.503141	0.0118906
0.1	0.00505574	0.503546	0.011937
0.1	0.0050757	0.503953	0.0119833
0.1	0.00509566	0.504361	0.0120297
0.1	0.00511561	0.50477	0.012076
0.1	0.00513557	0.50518	0.0121223
0.1	0.00515553	0.505591	0.0121687
0.1	0.0051755	0.506004	0.012215
0.1	0.00519546	0.506417	0.0122613
0.1	0.00521542	0.506832	0.0123076
0.1	0.00523538	0.507248	0.0123539
0.1	0.00525535	0.507665	0.0124002
0.1	0.00527531	0.508083	0.0124464
0.1	0.00529528	0.508502	0.0124927
0.1	0.00531524	0.508923	0.012539
0.1	0.00533521	0.509344	0.0125852
0.1	0.00535518	0.509767	0.0126314
0.1	0.00537514	0.51019	0.0126777
0.1	0.00539511	0.510615	0.0127239
0.1	0.00541508	0.511041	0.0127701
0.1	0.00543505	0.511468	0.0128163
0.1	0.00545502	0.511896	0.0128625
0.1	0.00547499	0.512325	0.0129087
0.1	0.00549497	0.512755	0.0129549
0.1	0.00551494	0.513187	0.0130011
0.1	0.00553491	0.513619	0.0130472
0.1	0.00555489	0.514052	0.0130934
0.1	0.00557486	0.514487	0.0131395
0.1	0.00559484	0.514923	0.0131856
0.1	0.00561482	0.515359	0.0132318
0.1	0.0056348	0.515797	0.0132779
0.1	0.00565477	0.516235	0.013324
0.1	0.00567475	0.516675	0.0133701
0.1	0.00569473	0.517116	0.0134162
0.1	0.00571471	0.517558	0.0134623
0.1	0.0057347	0.518001	0.0135083
0.1	0.00575468	0.518445	0.0135544
0.1	0.00577466	0.518889	0.0136004
0.1	0.00579465	0.519335	0.0136465
0.1	0.00581463	0.519782	0.0136925
0.1	0.00583462	0.52023	0.0137385
0.1	0.0058546	0.520679	0.0137845
0.1	0.00587459	0.521129	0.0138305
0.1	0.00589458	0.52158	0.0138765
0.1	0.00591457	0.522032	0.0139225
0.1	0.00593456	0.522485	0.0139685
0.1	0.00595455	0.522939	0.0140145
0.1	0.00597454	0.523394	0.0140604
0.1	0.00599453	0.52385	0.0141063
0.1	0.00601452	0.524307	0.0141523
0.1	0.00603452	0.524765	0.0141982
0.1	0.00605451	0.525223	0.0142441
0.1	0.00607451	0.525683	0.01429
0.1	0.0060945	0.526144	0.0143359
0.1	0.0061145	0.526606	0.0143818
0.1	0.0061345	0.527068	0.0144277
0.1	0.0061545	0.527532	0.0144735
0.1	0.0061745	0.527997	0.0145194
0.1	0.0061945	0.528462	0.0145652
0.1	0.0062145	0.528929	0.0146111
0.1	0.0062345	0.529396	0.0146569
0.1	0.0062545	0.529864	0.0147027
0.1	0.00627451	0.530334	0.0147485
0.1	0.00629451	0.530804	0.0147943
0.1	0.00631452	0.531275	0.0148401
0.1	0.00633452	0.531747	0.0148858
0.1	0.00635453	0.53222	0.0149316
0.1	0.00637454	0.532694	0.0149774
0.1	0.00639455	0.533168	0.0150231
0.1	0.00641456	0.533644	0.0150688
0.1	0.00643457	0.53412	0.0151145
0.1	0.00645458	0.534598	0.0151602
0.1	0.00647459	0.535076	0.0152059
0.1	0.0064946	0.535555	0.0152516
0.1	0.00651462	0.536035	0.0152973
0.1	0.00653463	0.536516	0.015343
0.1	0.00655465	0.536998	0.0153886
0.1	0.00657467	0.537481	0.0154342
0.1	0.00659468	0.537964	0.0154799
0.1	0.0066147	0.538449	0.0155255
0.1	0.00663472	0.538934	0.0155711
0.1	0.00665474	0.53942	0.0156167
0.1	0.00667476	0.539907	0.0156623
0.1	0.00669479	0.540395	0.0157079
0.1	0.00671481	0.540884	0.0157534
0.1	0.00673483	0.541373	0.015799
0.1	0.00675486	0.541864	0.0158445
0.1	0.00677488	0.542355	0.01589
0.1	0.00679491	0.542847	0.0159355
0.1	0.00681494	0.54334	0.0159811
0.1	0.00683497	0.543834	0.0160265
0.1	0.006855	0.544328	0.016072
0.1	0.00687503	0.544823	0.0161175
0.1	0.00689506	0.54532	0.016163
0.1	0.00691509	0.545817	0.0162084
0.1	0.00693512	0.546314	0.0162538
0.1	0.00695516	0.546813	0.0162993
0.1	0.00697519	0.547312	0.0163447
0.1	0.00699523	0.547812	0.0163901
0.1	0.00701527	0.548313	0.0164354
0.1	0.0070353	0.548815	0.0164808
0.1	0.00705534	0.549318	0.0165262
0.1	0.00707538	0.549821	0.0165715
0.1	0.00709542	0.550325	0.0166169
0.1	0.00711547	0.55083	0.0166622
0.1	0.00713551	0.551335	0.0167075
0.1	0.00715555	0.551842	0.0167528
0.1	0.0071756	0.552349	0.0167981
0.1	0.00719564	0.552857	0.0168434
0.1	0.00721569	0.553365	0.0168887
0.1	0.00723573	0.553875	0.0169339
0.1	0.00725578	0.554385	0.0169791
0.1	0.00727583	0.554896	0.0170244
0.1	0.00729588	0.555408	0.0170696
0.1	0.00731593	0.55592	0.0171148
0.1	0.00733599	0.556433	0.01716
0.1	0.00735604	0.556947	0.0172052
0.1	0.00737609	0.557461	0.0172503
0.1	0.00739615	0.557977	0.0172955
0.1	0.0074162	0.558493	0.0173406
0.1	0.00743626	0.55901	0.0173857
0.1	0.00745632	0.559527	0.0174309
0.1	0.00747638	0.560045	0.017476
0.1	0.00749644	0.560564	0.017521
0.1	0.0075165	0.561084	0.0175661
0.1	0.00753656	0.561604	0.0176112
0.1	0.00755662	0.562125	0.0176562
0.1	0.00757668	0.562647	0.0177013
0.1	0.00759675	0.563169	0.0177463
0.1	0.00761681	0.563692	0.0177913
0.1	0.00763688	0.564216	0.0178363
0.1	0.00765695	0.56474	0.0178813
0.1	0.00767702	0.565265	0.0179262
0.1	0.00769709	0.565791	0.0179712
0.1	0.00771716	0.566317	0.0180161
0.1	0.00773723	0.566845	0.0180611
0.1	0.0077573	0.567372	0.018106
0.1	0.00777737	0.567901	0.0181509
0.1	0.00779745	0.56843	0.0181958
0.1	0.00781752	0.56896	0.0182407
0.1	0.0078376	0.56949	0.0182855
0.1	0.00785768	0.570021	0.0183304
0.1	0.00787775	0.570553	0.0183752
0.1	0.00789783	0.571085	0.01842
0.1	0.00791791	0.571618	0.0184648
0.1	0.00793799	0.572152	0.0185096
0.1	0.00795808	0.572686	0.0185544
0.1	0.00797816	0.573221	0.0185992
0.1	0.00799824	0.573756	0.0186439
0.1	0.00801833	0.574292	0.0186887
0.1	0.00803842	0.574829	0.0187334
0.1	0.0080585	0.575367	0.0187781
0.1	0.00807859	0.575905	0.0188228
0.1	0.00809868	0.576443	0.0188675
0.1	0.00811877	0.576982	0.0189122
0.1	0.00813886	0.577522	0.0189568
0.1	0.00815895	0.578063	0.0190015
0.1	0.00817904	0.578604	0.0190461
0.1	0.00819914	0.579145	0.0190907
0.1	0.00821923	0.579687	0.0191353
0.1	0.00823933	0.58023	0.0191799
0.1	0.00825943	0.580773	0.0192244
0.1	0.00827952	0.581317	0.019269
0.1	0.00829962	0.581862	0.0193135
0.1	0.00831972	0.582407	0.0193581
0.1	0.00833982	0.582953	0.0194026
0.1	0.00835993	0.583499	0.0194471
0.1	0.00838003	0.584046	0.0194916
0.1	0.00840013	0.584593	0.019536
0.1	0.00842024	0.585141	0.0195805
0.1	0.00844034	0.58569	0.0196249
0.1	0.00846045	0.586239	0.0196693
0.1	0.00848056	0.586788	0.0197137
0.1	0.00850066	0.587338	0.0197581
0.1	0.00852077	0.587889	0.0198025
0.1	0.00854089	0.58844	0.0198469
0.1	0.008561	0.588992	0.0198912
0.1	0.00858111	0.589544	0.0199356
0.1	0.00860122	0.590097	0.0199799
0.1	0.00862134	0.590651	0.0200242
0.1	0.00864145	0.591205	0.0200685
0.1	0.00866157	0.591759	0.0201128
0.1	0.00868169	0.592314	0.020157
0.1	0.0087018	0.59287	0.0202013
0.1	0.00872192	0.593426	0.0202455
0.1	0.00874204	0.593982	0.0202897
0.1	0.00876217	0.594539	0.0203339
0.1	0.00878229	0.595097	0.0203781
0.1	0.00880241	0.595655	0.0204222
0.1	0.00882254	0.596213	0.0204664
0.1	0.00884266	0.596772	0.0205105
0.1	0.00886279	0.597332	0.0205547
0.1	0.00888291	0.597892	0.0205988
0.1	0.00890304	0.598452	0.0206428
0.1	0.00892317	0.599013	0.0206869
0.1	0.0089433	0.599575	0.020731
0.1	0.00896343	0.600137	0.020775
0.1	0.00898356	0.600699	0.0208191
0.1	0.0090037	0.601262	0.0208631
0.1	0.00902383	0.601826	0.0209071
0.1	0.00904397	0.60239	0.020951
0.1	0.0090641	0.602954	0.020995
0.1	0.00908424	0.603519	0.0210389
0.1	0.00910438	0.604084	0.0210829
0.1	0.00912452	0.60465	0.0211268
0.1	0.00914466	0.605216	0.0211707
0.1	0.0091648	0.605783	0.0212146
0.1	0.00918494	0.60635	0.0212584
0.1	0.00920508	0.606918	0.0213023
0.1	0.00922522	0.607486	0.0213461
0.1	0.00924537	0.608054	0.02139
0.1	0.00926551	0.608623	0.0214338
0.1	0.00928566	0.609192	0.0214775
0.1	0.00930581	0.609762	0.0215213
0.1	0.00932595	0.610333	0.0215651
0.1	0.0093461	0.610903	0.0216088
0.1	0.00936625	0.611474	0.0216525
0.1	0.0093864	0.612046	0.0216962
0.1	0.00940656	0.612618	0.0217399
0.1	0.00942671	0.61319	0.0217836
0.1	0.00944686	0.613763	0.0218273
0.1	0.00946702	0.614336	0.0218709
0.1	0.00948717	0.61491	0.0219145
0.1	0.00950733	0.615484	0.0219581
0.1	0.00952749	0.616058	0.0220017
0.1	0.00954765	0.616633	0.0220453
0.1	0.00956781	0.617208	0.0220889
0.1	0.00958797	0.617784	0.0221324
0.1	0.00960813	0.61836	0.0221759
0.1	0.00962829	0.618937	0.0222194
0.1	0.00964845	0.619513	0.0222629
0.1	0.00966862	0.620091	0.0223064
0.1	0.00968878	0.620668	0.0223498
0.1	0.00970895	0.621246	0.0223933
0.1	0.00972911	0.621825	0.0224367
0.1	0.00974928	0.622403	0.0224801
0.1	0.00976945	0.622983	0.0225235
0.1	0.00978962	0.623562	0.0225669
0.1	0.00980979	0.624142	0.0226102
0.1	0.00982996	0.624722	0.0226536
0.1	0.00985013	0.625303	0.0226969
0.1	0.0098703	0.625884	0.0227402
0.1	0.00989048	0.626465	0.0227835
0.1	0.00991065	0.627047	0.0228267
0.1	0.00993083	0.627629	0.02287
0.1	0.009951	0.628212	0.0229132
0.1	0.00997118	0.628795	0.0229564
0.1	0.00999136	0.629378	0.0229996
0.1	0.0100115	0.629961	0.0230428
0.1	0.0100317	0.630545	0.023086
0.1	0.0100519	0.631129	0.0231291
0.1	0.0100721	0.631714	0.0231723
0.1	0.0100923	0.632299	0.0232154
0.1	0.0101124	0.632884	0.0232585
0.1	0.0101326	0.63347	0.0233015
0.1	0.0101528	0.634056	0.0233446
0.1	0.010173	0.634642	0.0233876
0.1	0.0101932	0.635228	0.0234307
0.1	0.0102134	0.635815	0.0234737
0.1	0.0102336	0.636403	0.0235166
0.1	0.0102538	0.63699	0.0235596
0.1	0.0102739	0.637578	0.0236026
0.1	0.0102941	0.638166	0.0236455
0.1	0.0103143	0.638755	0.0236884
0.1	0.0103345	0.639343	0.0237313
0.1	0.0103547	0.639933	0.0237742
0.1	0.0103749	0.640522	0.0238171
0.1	0.0103951	0.641112	0.0238599
0.1	0.0104153	0.641702	0.0239027
0.1	0.0104355	0.642292	0.0239455
0.1	0.0104557	0.642883	0.0239883
0.1	0.0104759	0.643474	0.0240311
0.1	0.0104961	0.644065	0.0240739
0.1	0.0105163	0.644657	0.0241166
0.1	0.0105365	0.645248	0.0241593
0.1	0.0105567	0.645841	0.024202
0.1	0.0105769	0.646433	0.0242447
0.1	0.0105971	0.647026	0.0242874
0.1	0.0106173	0.647619	0.02433
0.1	0.0106375	0.648212	0.0243726
0.1	0.0106577	0.648805	0.0244152
0.1	0.0106779	0.649399	0.0244578
0.1	0.0106981	0.649993	0.0245004
0.1	0.0107183	0.650588	0.024543
0.1	0.0107385	0.651182	0.0245855
0.1	0.0107587	0.651777	0.024628
0.1	0.010779	0.652372	0.0246705
0.1	0.0107992	0.652968	0.024713
0.1	0.0108194	0.653563	0.0247554
0.1	0.0108396	0.654159	0.0247979
0.1	0.0108598	0.654756	0.0248403
0.1	0.01088	0.655352	0.0248827
0.1	0.0109002	0.655949	0.0249251
0.1	0.0109204	0.656546	0.0249675
0.1	0.0109407	0.657143	0.0250098
0.1	0.0109609	0.657741	0.0250521
0.1	0.0109811	0.658338	0.0250944
0.1	0.0110013	0.658936	0.0251367
0.1	0.0110215	0.659534	0.025179
0.1	0.0110417	0.660133	0.0252213
0.1	0.011062	0.660732	0.0252635
0.1	0.0110822	0.66133	0.0253057
0.1	0.0111024	0.66193	0.0253479
0.1	0.0111226	0.662529	0.0253901
0.1	0.0111428	0.663129	0.0254322
0.1	0.0111631	0.663728	0.0254744
0.1	0.0111833	0.664328	0.0255165
0.1	0.0112035	0.664929	0.0255586
0.1	0.0112237	0.665529	0.0256007
0.1	0.011244	0.66613	0.0256428
0.1	0.0112642	0.666731	0.0256848
0.1	0.0112844	0.667332	0.0257268
0.1	0.0113047	0.667933	0.0257688
0.1	0.0113249	0.668535	0.0258108
0.1	0.0113451	0.669137	0.0258528
0.1	0.0113653	0.669739	0.0258947
0.1	0.0113856	0.670341	0.0259367
0.1	0.0114058	0.670944	0.0259786
0.1	0.011426	0.671546	0.0260205
0.1	0.0114463	0.672149	0.0260623
0.1	0.0114665	0.672752	0.0261042
0.1	0.0114867	0.673355	0.026146
0.1	0.011507	0.673959	0.0261878
0.1	0.0115272	0.674562	0.0262296
0.1	0.0115474	0.675166	0.0262714
0.1	0.0115677	0.67577	0.0263131
0.1	0.0115879	0.676374	0.0263549
0.1	0.0116081	0.676979	0.0263966
0.1	0.0116284	0.677583	0.0264383
0.1	0.0116486	0.678188	0.02648
0.1	0.0116689	0.678793	0.0265216
0.1	0.0116891	0.679398	0.0265632
0.1	0.0117093	0.680003	0.0266049
0.1	0.0117296	0.680609	0.0266465
0.1	0.0117498	0.681214	0.026688
0.1	0.01177	0.68182	0.0267296
0.1	0.0117903	0.682426	0.0267711
0.1	0.0118105	0.683032	0.0268126
0.1	0.0118308	0.683639	0.0268541
0.1	0.011851	0.684245	0.0268956
0.1	0.0118713	0.684852	0.0269371
0.1	0.0118915	0.685459	0.0269785
0.1	0.0119117	0.686065	0.0270199
0.1	0.011932	0.686673	0.0270613
0.1	0.0119522	0.68728	0.0271027
0.1	0.0119725	0.687887	0.0271441
0.1	0.0119927	0.688495	0.0271854
0.1	0.012013	0.689103	0.0272267
0.1	0.0120332	0.689711	0.027268
0.1	0.0120535	0.690319	0.0273093
0.1	0.0120737	0.690927	0.0273505
0.1	0.012094	0.691535	0.0273918
0.1	0.0121142	0.692144	0.027433
0.1	0.0121345	0.692752	0.0274742
0.1	0.0121547	0.693361	0.0275154
0.1	0.012175	0.69397	0.0275565
0.1	0.0121952	0.694579	0.0275976
0.1	0.0122155	0.695188	0.0276388
0.1	0.0122357	0.695797	0.0276799
0.1	0.012256	0.696407	0.0277209
0.1	0.0122762	0.697016	0.027762
0.1	0.0122965	0.697626	0.027803
0.1	0.0123167	0.698236	0.027844
0.1	0.012337	0.698846	0.027885
0.1	0.0123572	0.699456	0.027926
0.1	0.0123775	0.700066	0.0279669
0.1	0.0123977	0.700676	0.0280079
0.1	0.012418	0.701287	0.0280488
0.1	0.0124383	0.701897	0.0280897
0.1	0.0124585	0.702508	0.0281305
0.1	0.0124788	0.703119	0.0281714
0.1	0.012499	0.70373	0.0282122
0.1	0.0125193	0.704341	0.028253
0.1	0.0125395	0.704952	0.0282938
0.1	0.0125598	0.705563	0.0283346
0.1	0.0125801	0.706174	0.0283753
0.1	0.0126003	0.706786	0.028416
0.1	0.0126206	0.707397	0.0284567
0.1	0.0126408	0.708009	0.0284974
0.1	0.0126611	0.708621	0.0285381
0.1	0.0126813	0.709233	0.0285787
0.1	0.0127016	0.709845	0.0286194
0.1	0.0127219	0.710457	0.02866
0.1	0.0127421	0.711069	0.0287005
0.1	0.0127624	0.711681	0.0287411
0.1	0.0127826	0.712293	0.0287816
0.1	0.0128029	0.712906	0.0288221
0.1	0.0128232	0.713518	0.0288626
0.1	0.0128434	0.714131	0.0289031
0.1	0.0128637	0.714744	0.0289436
0.1	0.0128839	0.715356	0.028984
0.1	0.0129042	0.715969	0.0290244
0.1	0.0129245	0.716582	0.0290648
0.1	0.0129447	0.717195	0.0291052
0.1	0.012965	0.717808	0.0291455
0.1	0.0129853	0.718421	0.0291858
0.1	0.0130055	0.719035	0.0292262
0.1	0.0130258	0.719648	0.0292664
0.1	0.013046	0.720261	0.0293067
0.1	0.0130663	0.720875	0.0293469
0.1	0.0130866	0.721488	0.0293872
0.1	0.0131068	0.722102	0.0294274
0.1	0.0131271	0.722716	0.0294676
0.1	0.0131474	0.723329	0.0295077
0.1	0.0131676	0.723943	0.0295478
0.1	0.0131879	0.724557	0.029588
0.1	0.0132081	0.725171	0.0296281
0.1	0.0132284	0.725785	0.0296681
0.1	0.0132487	0.726399	0.0297082
0.1	0.0132689	0.727013	0.0297482
0.1	0.0132892	0.727627	0.0297882
0.1	0.0133095	0.728242	0.0298282
0.1	0.0133297	0.728856	0.0298682
0.1	0.01335	0.72947	0.0299081
0.1	0.0133703	0.730085	0.029948
0.1	0.0133905	0.730699	0.029988
0.1	0.0134108	0.731314	0.0300278
0.1	0.013431	0.731928	0.0300677
0.1	0.0134513	0.732543	0.0301075
0.1	0.0134716	0.733157	0.0301473
0.1	0.0134918	0.733772	0.0301871
0.1	0.0135121	0.734387	0.0302269
0.1	0.0135324	0.735002	0.0302667
0.1	0.0135526	0.735616	0.0303064
0.1	0.0135729	0.736231	0.0303461
0.1	0.0135932	0.736846	0.0303858
0.1	0.0136134	0.737461	0.0304255
0.1	0.0136337	0.738076	0.0304651
0.1	0.013654	0.738691	0.0305047
0.1	0.0136742	0.739306	0.0305443
0.1	0.0136945	0.739921	0.0305839
0.1	0.0137147	0.740536	0.0306235
0.1	0.013735	0.741151	0.030663
0.1	0.0137553	0.741766	0.0307025
0.1	0.0137755	0.742382	0.030742
0.1	0.0137958	0.742997	0.0307815
0.1	0.0138161	0.743612	0.0308209
0.1	0.0138363	0.744227	0.0308604
0.1	0.0138566	0.744842	0.0308998
0.1	0.0138769	0.745458	0.0309392
0.1	0.0138971	0.746073	0.0309785
0.1	0.0139174	0.746688	0.0310179
0.1	0.0139376	0.747304	0.0310572
0.1	0.0139579	0.747919	0.0310965
0.1	0.0139782	0.748534	0.0311358
0.1	0.0139984	0.74915	0.031175
0.1	0.0140187	0.749765	0.0312142
0.1	0.014039	0.750381	0.0312535
0.1	0.0140592	0.750996	0.0312926
0.1	0.0140795	0.751612	0.0313318
0.1	0.0140997	0.752227	0.031371
0.1	0.01412	0.752842	0.0314101
0.1	0.0141403	0.753458	0.0314492
0.1	0.0141605	0.754073	0.0314883
0.1	0.0141808	0.754689	0.0315273
0.1	0.014201	0.755304	0.0315664
0.1	0.0142213	0.75592	0.0316054
0.1	0.0142416	0.756535	0.0316444
0.1	0.0142618	0.757151	0.0316833
0.1	0.0142821	0.757766	0.0317223
0.1	0.0143023	0.758382	0.0317612
0.1	0.0143226	0.758997	0.0318001
0.1	0.0143429	0.759613	0.031839
0.1	0.0143631	0.760228	0.0318778
0.1	0.0143834	0.760843	0.0319167
0.1	0.0144036	0.761459	0.0319555
0.1	0.0144239	0.762074	0.0319943
0.1	0.0144441	0.76269	0.0320331
0.1	0.0144644	0.763305	0.0320718
0.1	0.0144847	0.763921	0.0321105
0.1	0.0145049	0.764536	0.0321492
0.1	0.0145252	0.765151	0.0321879
0.1	0.0145454	0.765767	0.0322266
0.1	0.0145657	0.766382	0.0322652
0.1	0.0145859	0.766997	0.0323038
0.1	0.0146062	0.767613	0.0323424
0.1	0.0146264	0.768228	0.032381
0.1	0.0146467	0.768843	0.0324195
0.1	0.0146669	0.769458	0.0324581
0.1	0.0146872	0.770073	0.0324966
0.1	0.0147074	0.770689	0.0325351
0.1	0.0147277	0.771304	0.0325735
0.1	0.0147479	0.771919	0.032612
0.1	0.0147682	0.772534	0.0326504
0.1	0.0147884	0.773149	0.0326888
0.1	0.0148087	0.773764	0.0327271
0.1	0.0148289	0.774379	0.0327655
0.1	0.0148492	0.774994	0.0328038
0.1	0.0148694	0.775609	0.0328421
0.1	0.0148897	0.776224	0.0328804
0.1	0.0149099	0.776839	0.0329187
0.1	0.0149302	0.777454	0.0329569
0.1	0.0149504	0.778069	0.0329951
0.1	0.0149707	0.778683	0.0330333
0.1	0.0149909	0.779298	0.0330715
0.1	0.0150112	0.779913	0.0331096
0.1	0.0150314	0.780527	0.0331478
0.1	0.0150516	0.781142	0.0331859
0.1	0.0150719	0.781757	0.0332239
0.1	0.0150921	0.782371	0.033262
0.1	0.0151124	0.782986	0.0333
0.1	0.0151326	0.7836	0.033338
0.1	0.0151529	0.784215	0.033376
0.1	0.0151731	0.784829	0.033414
0.1	0.0151933	0.785443	0.0334519
0.1	0.0152136	0.786057	0.0334899
0.1	0.0152338	0.786672	0.0335278
0.1	0.015254	0.787286	0.0335657
0.1	0.0152743	0.7879	0.0336035
0.1	0.0152945	0.788514	0.0336413
0.1	0.0153148	0.789128	0.0336792
0.1	0.015335	0.789742	0.0337169
0.1	0.0153552	0.790356	0.0337547
0.1	0.0153755	0.79097	0.0337925
0.1	0.0153957	0.791584	0.0338302
0.1	0.0154159	0.792197	0.0338679
0.1	0.0154361	0.792811	0.0339055
0.1	0.0154564	0.793425	0.0339432
0.1	0.0154766	0.794038	0.0339808
0.1	0.0154968	0.794652	0.0340184
0.1	0.0155171	0.795265	0.034056
0.1	0.0155373	0.795878	0.0340936
0.1	0.0155575	0.796492	0.0341311
0.1	0.0155777	0.797105	0.0341686
0.1	0.015598	0.797718	0.0342061
0.1	0.0156182	0.798331	0.0342436
0.1	0.0156384	0.798944	0.0342811
0.1	0.0156586	0.799557	0.0343185
0.1	0.0156789	0.80017	0.0343559
0.1	0.0156991	0.800783	0.0343933
0.1	0.0157193	0.801396	0.0344306
0.1	0.0157395	0.802008	0.034468
0.1	0.0157597	0.802621	0.0345053
0.1	0.01578	0.803234	0.0345426
0.1	0.0158002	0.803846	0.0345799
0.1	0.0158204	0.804458	0.0346171
0.1	0.0158406	0.805071	0.0346543
0.1	0.0158608	0.805683	0.0346915
0.1	0.015881	0.806295	0.0347287
0.1	0.0159012	0.806907	0.0347659
0.1	0.0159214	0.807519	0.034803
0.1	0.0159417	0.808131	0.0348401
0.1	0.0159619	0.808743	0.0348772
0.1	0.0159821	0.809355	0.0349143
0.1	0.0160023	0.809967	0.0349513
0.1	0.0160225	0.810578	0.0349883
0.1	0.0160427	0.81119	0.0350253
0.1	0.0160629	0.811801	0.0350623
0.1	0.0160831	0.812413	0.0350992
0.1	0.0161033	0.813024	0.0351362
0.1	0.0161235	0.813635	0.0351731
0.1	0.0161437	0.814246	0.03521
0.1	0.0161639	0.814857	0.0352468
0.1	0.0161841	0.815468	0.0352837
0.1	0.0162043	0.816079	0.0353205
0.1	0.0162245	0.81669	0.0353573
0.1	0.0162447	0.8173	0.035394
0.1	0.0162649	0.817911	0.0354308
0.1	0.0162851	0.818521	0.0354675
0.1	0.0163053	0.819132	0.0355042
0.1	0.0163255	0.819742	0.0355409
0.1	0.0163457	0.820352	0.0355775
0.1	0.0163658	0.820962	0.0356142
0.1	0.016386	0.821572	0.0356508
0.1	0.0164062	0.822182	0.0356874
0.1	0.0164264	0.822792	0.0357239
0.1	0.0164466	0.823402	0.0357605
0.1	0.0164668	0.824012	0.035797
0.1	0.016487	0.824621	0.0358335
0.1	0.0165071	0.825231	0.03587
0.1	0.0165273	0.82584	0.0359064
0.1	0.0165475	0.826449	0.0359429
0.1	0.0165677	0.827058	0.0359793
0.1	0.0165879	0.827667	0.0360156
0.1	0.016608	0.828276	0.036052
0.1	0.0166282	0.828885	0.0360883
0.1	0.0166484	0.829494	0.0361246
0.1	0.0166685	0.830102	0.0361609
0.1	0.0166887	0.830711	0.0361972
0.1	0.0167089	0.831319	0.0362335
0.1	0.0167291	0.831927	0.0362697
0.1	0.0167492	0.832536	0.0363059
0.1	0.0167694	0.833144	0.0363421
0.1	0.0167895	0.833752	0.0363782
0.1	0.0168097	0.834359	0.0364143
0.1	0.0168299	0.834967	0.0364504
0.1	0.01685	0.835575	0.0364865
0.1	0.0168702	0.836182	0.0365226
0.1	0.0168904	0.83679	0.0365586
0.1	0.0169105	0.837397	0.0365947
0.1	0.0169307	0.838004	0.0366306
0.1	0.0169508	0.838611	0.0366666
0.1	0.016971	0.839218	0.0367026
0.1	0.0169911	0.839825	0.0367385
0.1	0.0170113	0.840432	0.0367744
0.1	0.0170314	0.841038	0.0368103
0.1	0.0170516	0.841645	0.0368461
0.1	0.0170717	0.842251	0.036882
0.1	0.0170919	0.842857	0.0369178
0.1	0.017112	0.843463	0.0369536
0.1	0.0171321	0.844069	0.0369893
0.1	0.0171523	0.844675	0.0370251
0.1	0.0171724	0.845281	0.0370608
0.1	0.0171926	0.845887	0.0370965
0.1	0.0172127	0.846492	0.0371322
0.1	0.0172328	0.847098	0.0371678
0.1	0.017253	0.847703	0.0372034
0.1	0.0172731	0.848308	0.037239
0.1	0.0172932	0.848913	0.0372746
0.1	0.0173133	0.849518	0.0373102
0.1	0.0173335	0.850123	0.0373457
0.1	0.0173536	0.850727	0.0373812
0.1	0.0173737	0.851332	0.0374167
0.1	0.0173938	0.851936	0.0374522
0.1	0.017414	0.85254	0.0374876
0.1	0.0174341	0.853144	0.0375231
0.1	0.0174542	0.853748	0.0375585
0.1	0.0174743	0.854352	0.0375938
0.1	0.0174944	0.854956	0.0376292
0.1	0.0175145	0.85556	0.0376645
0.1	0.0175347	0.856163	0.0376998
0.1	0.0175548	0.856766	0.0377351
0.1	0.0175749	0.85737	0.0377704
0.1	0.017595	0.857973	0.0378056
0.1	0.0176151	0.858576	0.0378408
0.1	0.0176352	0.859178	0.037876
0.1	0.0176553	0.859781	0.0379112
0.1	0.0176754	0.860384	0.0379464
0.1	0.0176955	0.860986	0.0379815
0.1	0.0177156	0.861588	0.0380166
0.1	0.0177357	0.86219	0.0380517
0.1	0.0177558	0.862792	0.0380867
0.1	0.0177759	0.863394	0.0381218
0.1	0.017796	0.863996	0.0381568
0.1	0.017816	0.864597	0.0381918
0.1	0.0178361	0.865199	0.0382267
0.1	0.0178562	0.8658	0.0382617
0.1	0.0178763	0.866401	0.0382966
0.1	0.0178964	0.867002	0.0383315
0.1	0.0179165	0.867603	0.0383663
0.1	0.0179365	0.868204	0.0384012
0.1	0.0179566	0.868804	0.038436
0.1	0.0179767	0.869405	0.0384708
0.1	0.0179968	0.870005	0.0385056
0.1	0.0180168	0.870605	0.0385404
0.1	0.0180369	0.871205	0.0385751
0.1	0.018057	0.871805	0.0386098
0.1	0.018077	0.872405	0.0386445
0.1	0.0180971	0.873004	0.0386792
0.1	0.0181172	0.873603	0.0387138
0.1	0.0181372	0.874203	0.0387485
0.1	0.0181573	0.874802	0.0387831
0.1	0.0181773	0.875401	0.0388176
0.1	0.0181974	0.876	0.0388522
0.1	0.0182175	0.876598	0.0388867
0.1	0.0182375	0.877197	0.0389212
0.1	0.0182576	0.877795	0.0389557
0.1	0.0182776	0.878393	0.0389902
0.1	0.0182976	0.878991	0.0390246
0.1	0.0183177	0.879589	0.039059
0.1	0.0183377	0.880187	0.0390934
0.1	0.0183578	0.880785	0.0391278
0.1	0.0183778	0.881382	0.0391621
0.1	0.0183978	0.881979	0.0391965
0.1	0.0184179	0.882576	0.0392308
0.1	0.0184379	0.883173	0.0392651
0.1	0.0184579	0.88377	0.0392993
0.1	0.018478	0.884367	0.0393336
0.1	0.018498	0.884963	0.0393678
0.1	0.018518	0.88556	0.039402
0.1	0.018538	0.886156	0.0394361
0.1	0.0185581	0.886752	0.0394703
0.1	0.0185781	0.887348	0.0395044
0.1	0.0185981	0.887943	0.0395385
0.1	0.0186181	0.888539	0.0395726
0.1	0.0186381	0.889134	0.0396066
0.1	0.0186581	0.88973	0.0396406
0.1	0.0186781	0.890325	0.0396747
0.1	0.0186982	0.89092	0.0397086
0.1	0.0187182	0.891514	0.0397426
0.1	0.0187382	0.892109	0.0397765
0.1	0.0187582	0.892703	0.0398105
0.1	0.0187782	0.893298	0.0398443
0.1	0.0187982	0.893892	0.0398782
0.1	0.0188181	0.894486	0.0399121
0.1	0.0188381	0.895079	0.0399459
0.1	0.0188581	0.895673	0.0399797
0.1	0.0188781	0.896266	0.0400135
0.1	0.0188981	0.89686	0.0400472
0.1	0.0189181	0.897453	0.040081
0.1	0.0189381	0.898046	0.0401147
0.1	0.018958	0.898639	0.0401484
0.1	0.018978	0.899231	0.040182
0.1	0.018998	0.899824	0.0402157
0.1	0.019018	0.900416	0.0402493
0.1	0.0190379	0.901008	0.0402829
0.1	0.0190579	0.9016	0.0403165
0.1	0.0190779	0.902192	0.04035
0.1	0.0190978	0.902783	0.0403836
0.1	0.0191178	0.903375	0.0404171
0.1	0.0191378	0.903966	0.0404506
0.1	0.0191577	0.904557	0.040484
0.1	0.0191777	0.905148	0.0405175
0.1	0.0191976	0.905739	0.0405509
0.1	0.0192176	0.906329	0.0405843
0.1	0.0192375	0.90692	0.0406176
0.1	0.0192575	0.90751	0.040651
0.1	0.0192774	0.9081	0.0406843
0.1	0.0192973	0.90869	0.0407176
0.1	0.0193173	0.90928	0.0407509
0.1	0.0193372	0.909869	0.0407842
0.1	0.0193572	0.910459	0.0408174
0.1	0.0193771	0.911048	0.0408506
0.1	0.019397	0.911637	0.0408838
0.1	0.0194169	0.912226	0.040917
0.1	0.0194369	0.912814	0.0409501
0.1	0.0194568	0.913403	0.0409832
0.1	0.0194767	0.913991	0.0410163
0.1	0.0194966	0.914579	0.0410494
0.1	0.0195165	0.915167	0.0410825
0.1	0.0195365	0.915755	0.0411155
0.1	0.0195564	0.916343	0.0411485
0.1	0.0195763	0.91693	0.0411815
0.1	0.0195962	0.917517	0.0412145
0.1	0.0196161	0.918104	0.0412474
0.1	0.019636	0.918691	0.0412803
0.1	0.0196559	0.919278	0.0413132
0.1	0.0196758	0.919865	0.0413461
0.1	0.0196957	0.920451	0.041379
0.1	0.0197156	0.921037	0.0414118
0.1	0.0197355	0.921623	0.0414446
0.1	0.0197553	0.922209	0.0414774
0.1	0.0197752	0.922795	0.0415102
0.1	0.0197951	0.92338	0.0415429
0.1	0.019815	0.923965	0.0415756
0.1	0.0198349	0.92455	0.0416083
0.1	0.0198547	0.925135	0.041641
0.1	0.0198746	0.92572	0.0416736
0.1	0.0198945	0.926304	0.0417063
0.1	0.0199143	0.926889	0.0417389
0.1	0.0199342	0.927473	0.0417715
0.1	0.0199541	0.928057	0.041804
0.1	0.0199739	0.928641	0.0418366
0.1	0.0199938	0.929224	0.0418691
0.1	0.0200136	0.929808	0.0419016
0.1	0.0200335	0.930391	0.0419341
0.1	0.0200533	0.930974	0.0419665
0.1	0.0200732	0.931557	0.0419989
0.1	0.020093	0.93214	0.0420313
0.1	0.0201129	0.932722	0.0420637
0.1	0.0201327	0.933304	0.0420961
0.1	0.0201525	0.933887	0.0421284
0.1	0.0201724	0.934469	0.0421607
0.1	0.0201922	0.93505	0.042193
0.1	0.020212	0.935632	0.0422253
0.1	0.0202318	0.936213	0.0422575
0.1	0.0202517	0.936794	0.0422898
0.1	0.0202715	0.937375	0.042322
0.1	0.0202913	0.937956	0.0423542
0.1	0.0203111	0.938537	0.0423863
0.1	0.0203309	0.939117	0.0424185
0.1	0.0203507	0.939697	0.0424506
0.1	0.0203705	0.940277	0.0424827
0.1	0.0203903	0.940857	0.0425147
0.1	0.0204101	0.941437	0.0425468
0.1	0.0204299	0.942016	0.0425788
0.1	0.0204497	0.942596	0.0426108
0.1	0.0204695	0.943175	0.0426428
0.1	0.0204893	0.943754	0.0426748
0.1	0.0205091	0.944332	0.0427067
0.1	0.0205289	0.944911	0.0427386
0.1	0.0205487	0.945489	0.0427705
0.1	0.0205685	0.946067	0.0428024
0.1	0.0205882	0.946645	0.0428342
0.1	0.020608	0.947223	0.042866
0.1	0.0206278	0.947801	0.0428979
0.1	0.0206475	0.948378	0.0429296
0.1	0.0206673	0.948955	0.0429614
0.1	0.0206871	0.949532	0.0429931
0.1	0.0207068	0.950109	0.0430248
0.1	0.0207266	0.950685	0.0430565
0.1	0.0207463	0.951262	0.0430882
0.1	0.0207661	0.951838	0.0431199
0.1	0.0207858	0.952414	0.0431515
0.1	0.0208056	0.95299	0.0431831
0.1	0.0208253	0.953565	0.0432147
0.1	0.0208451	0.954141	0.0432462
0.1	0.0208648	0.954716	0.0432778
0.1	0.0208845	0.955291	0.0433093
0.1	0.0209043	0.955866	0.0433408
0.1	0.020924	0.95644	0.0433723
0.1	0.0209437	0.957015	0.0434037
0.1	0.0209634	0.957589	0.0434351
0.1	0.0209831	0.958163	0.0434665
0.1	0.0210029	0.958736	0.0434979
0.1	0.0210226	0.95931	0.0435293
0.1	0.0210423	0.959883	0.0435606
0.1	0.021062	0.960457	0.043592
0.1	0.0210817	0.96103	0.0436233
0.1	0.0211014	0.961602	0.0436545
0.1	0.0211211	0.962175	0.0436858
0.1	0.0211408	0.962747	0.043717
0.1	0.0211605	0.96332	0.0437482
0.1	0.0211802	0.963892	0.0437794
0.1	0.0211999	0.964463	0.0438106
0.1	0.0212195	0.965035	0.0438417
0.1	0.0212392	0.965606	0.0438728
0.1	0.0212589	0.966178	0.0439039
0.1	0.0212786	0.966749	0.043935
0.1	0.0212982	0.967319	0.0439661
0.1	0.0213179	0.96789	0.0439971
0.1	0.0213376	0.96846	0.0440281
0.1	0.0213572	0.969031	0.0440591
0.1	0.0213769	0.969601	0.0440901
0.1	0.0213966	0.97017	0.044121
0.1	0.0214162	0.97074	0.0441519
0.1	0.0214359	0.971309	0.0441829
0.1	0.0214555	0.971878	0.0442137
0.1	0.0214751	0.972447	0.0442446
0.1	0.0214948	0.973016	0.0442754
0.1	0.0215144	0.973585	0.0443062
0.1	0.0215341	0.974153	0.044337
0.1	0.0215537	0.974721	0.0443678
0.1	0.0215733	0.975289	0.0443986
0.1	0.0215929	0.975857	0.0444293
0.1	0.0216126	0.976424	0.04446
0.1	0.0216322	0.976992	0.0444907
0.1	0.0216518	0.977559	0.0445214
0.1	0.0216714	0.978126	0.044552
0.1	0.021691	0.978692	0.0445826
0.1	0.0217106	0.979259	0.0446132
0.1	0.0217302	0.979825	0.0446438
0.1	0.0217498	0.980391	0.0446743
0.1	0.0217694	0.980957	0.0447049
0.1	0.021789	0.981523	0.0447354
0.1	0.0218086	0.982088	0.0447659
0.1	0.0218282	0.982653	0.0447964
0.1	0.0218478	0.983218	0.0448268
0.1	0.0218673	0.983783	0.0448572
0.1	0.0218869	0.984348	0.0448876
0.1	0.0219065	0.984912	0.044918
0.1	0.0219261	0.985476	0.0449484
0.1	0.0219456	0.98604	0.0449787
0.1	0.0219652	0.986604	0.045009
0.1	0.0219848	0.987168	0.0450393
0.1	0.0220043	0.987731	0.0450696
0.1	0.0220239	0.988294	0.0450999
0.1	0.0220434	0.988857	0.0451301
0.1	0.022063	0.98942	0.0451603
0.1	0.0220825	0.989983	0.0451905
0.1	0.022102	0.990545	0.0452207
0.1	0.0221216	0.991107	0.0452508
0.1	0.0221411	0.991669	0.0452809
0.1	0.0221606	0.992231	0.045311
0.1	0.0221802	0.992792	0.0453411
0.1	0.0221997	0.993353	0.0453712
0.1	0.0222192	0.993914	0.0454012
0.1	0.0222387	0.994475	0.0454312
0.1	0.0222582	0.995036	0.0454612
0.1	0.0222778	0.995596	0.0454912
0.1	0.0222973	0.996156	0.0455212
0.1	0.0223168	0.996716	0.0455511
0.1	0.0223363	0.997276	0.045581
0.1	0.0223558	0.997836	0.0456109
0.1	0.0223753	0.998395	0.0456408
0.1	0.0223947	0.998954	0.0456706
0.1	0.0224142	0.999513	0.0457004
0.1	0.0224337	1.00007	0.0457302
0.1	0.0224532	1.00063	0.04576
0.1	0.0224727	1.00119	0.0457898
0.1	0.0224921	1.00175	0.0458195
0.1	0.0225116	1.0023	0.0458492
0.1	0.0225311	1.00286	0.0458789
0.1	0.0225505	1.00342	0.0459086
0.1	0.02257	1.00398	0.0459383
0.1	0.0225895	1.00453	0.0459679
0.1	0.0226089	1.00509	0.0459975
0.1	0.0226284	1.00565	0.0460271
0.1	0.0226478	1.0062	0.0460567
0.1	0.0226672	1.00676	0.0460862
0.1	0.0226867	1.00732	0.0461158
0.1	0.0227061	1.00787	0.0461453
0.1	0.0227255	1.00843	0.0461748
0.1	0.022745	1.00898	0.0462042
0.1	0.0227644	1.00954	0.0462337
0.1	0.0227838	1.01009	0.0462631
0.1	0.0228032	1.01065	0.0462925
0.1	0.0228226	1.0112	0.0463219
0.1	0.0228421	1.01176	0.0463512
0.1	0.0228615	1.01231	0.0463806
0.1	0.0228809	1.01286	0.0464099
0.1	0.0229003	1.01342	0.0464392
0.1	0.0229197	1.01397	0.0464685
0.1	0.022939	1.01452	0.0464977
0.1	0.0229584	1.01508	0.0465269
0.1	0.0229778	1.01563	0.0465562
0.1	0.0229972	1.01618	0.0465854
0.1	0.0230166	1.01673	0.0466145
0.1	0.023036	1.01729	0.0466437
0.1	0.0230553	1.01784	0.0466728
0.1	0.0230747	1.01839	0.0467019
0.1	0.0230941	1.01894	0.046731
0.1	0.0231134	1.01949	0.0467601
0.1	0.0231328	1.02004	0.0467891
0.1	0.0231521	1.02059	0.0468181
0.1	0.0231715	1.02114	0.0468471
0.1	0.0231908	1.02169	0.0468761
0.1	0.0232102	1.02224	0.0469051
0.1	0.0232295	1.02279	0.046934
0.1	0.0232488	1.02334	0.0469629
0.1	0.0232682	1.02389	0.0469918
0.1	0.0232875	1.02444	0.0470207
0.1	0.0233068	1.02499	0.0470496
0.1	0.0233261	1.02554	0.0470784
0.1	0.0233454	1.02609	0.0471072
0.1	0.0233647	1.02664	0.047136
0.1	0.0233841	1.02719	0.0471648
0.1	0.0234034	1.02773	0.0471936
0.1	0.0234227	1.02828	0.0472223
0.1	0.023442	1.02883	0.047251
0.1	0.0234612	1.02938	0.0472797
0.1	0.0234805	1.02992	0.0473084
0.1	0.0234998	1.03047	0.047337
0.1	0.0235191	1.03102	0.0473657
0.1	0.0235384	1.03156	0.0473943
0.1	0.0235577	1.03211	0.0474229
0.1	0.0235769	1.03265	0.0474514
0.1	0.0235962	1.0332	0.04748
0.1	0.0236155	1.03375	0.0475085
0.1	0.0236347	1.03429	0.047537
0.1	0.023654	1.03484	0.0475655
0.1	0.0236732	1.03538	0.047594
0.1	0.0236925	1.03593	0.0476224
0.1	0.0237117	1.03647	0.0476508
0.1	0.0237309	1.03701	0.0476792
0.1	0.0237502	1.03756	0.0477076
0.1	0.0237694	1.0381	0.047736
0.1	0.0237886	1.03865	0.0477643
0.1	0.0238079	1.03919	0.0477926
0.1	0.0238271	1.03973	0.0478209
0.1	0.0238463	1.04027	0.0478492
0.1	0.0238655	1.04082	0.0478775
0.1	0.0238847	1.04136	0.0479057
0.1	0.0239039	1.0419	0.0479339
0.1	0.0239231	1.04244	0.0479621
0.1	0.0239423	1.04299	0.0479903
0.1	0.0239615	1.04353	0.0480185
0.1	0.0239807	1.04407	0.0480466
0.1	0.0239999	1.04461	0.0480747
0.1	0.0240191	1.04515	0.0481028
0.1	0.0240383	1.04569	0.0481309
0.1	0.0240574	1.04623	0.048159
0.1	0.0240766	1.04677	0.048187
0.1	0.0240958	1.04731	0.048215
0.1	0.0241149	1.04785	0.048243
0.1	0.0241341	1.04839	0.048271
0.1	0.0241532	1.04893	0.0482989
0.1	0.0241724	1.04947	0.0483269
0.1	0.0241915	1.05001	0.0483548
0.1	0.0242107	1.05055	0.0483827
0.1	0.0242298	1.05108	0.0484106
0.1	0.024249	1.05162	0.0484384
0.1	0.0242681	1.05216	0.0484662
0.1	0.0242872	1.0527	0.0484941
0.1	0.0243063	1.05324	0.0485219
0.1	0.0243255	1.05377	0.0485496
0.1	0.0243446	1.05431	0.0485774
0.1	0.0243637	1.05485	0.0486051
0.1	0.0243828	1.05538	0.0486328
0.1	0.0244019	1.05592	0.0486605
0.1	0.024421	1.05646	0.0486882
0.1	0.0244401	1.05699	0.0487158
0.1	0.0244592	1.05753	0.0487435
0.1	0.0244783	1.05806	0.0487711
0.1	0.0244973	1.0586	0.0487987
0.1	0.0245164	1.05913	0.0488263
0.1	0.0245355	1.05967	0.0488538
0.1	0.0245546	1.0602	0.0488813
0.1	0.0245736	1.06074	0.0489089
0.1	0.0245927	1.06127	0.0489363
0.1	0.0246117	1.06181	0.0489638
0.1	0.0246308	1.06234	0.0489913
0.1	0.0246499	1.06287	0.0490187
0.1	0.0246689	1.06341	0.0490461
0.1	0.0246879	1.06394	0.0490735
0.1	0.024707	1.06447	0.0491009
0.1	0.024726	1.065	0.0491282
0.1	0.024745	1.06554	0.0491556
0.1	0.0247641	1.06607	0.0491829
0.1	0.0247831	1.0666	0.0492102
0.1	0.0248021	1.06713	0.0492375
0.1	0.0248211	1.06766	0.0492647
0.1	0.0248401	1.0682	0.0492919
0.1	0.0248591	1.06873	0.0493192
0.1	0.0248781	1.06926	0.0493464
0.1	0.0248971	1.06979	0.0493735
0.1	0.0249161	1.07032	0.0494007
0.1	0.0249351	1.07085	0.0494278
0.1	0.0249541	1.07138	0.0494549
0.1	0.0249731	1.07191	0.049482
0.1	0.0249921	1.07244	0.0495091
0.1	0.025011	1.07297	0.0495362
0.1	0.02503	1.0735	0.0495632
0.1	0.025049	1.07402	0.0495902
0.1	0.0250679	1.07455	0.0496172
0.1	0.0250869	1.07508	0.0496442
0.1	0.0251058	1.07561	0.0496712
0.1	0.0251248	1.07614	0.0496981
0.1	0.0251437	1.07666	0.049725
0.1	0.0251626	1.07719	0.0497519
0.1	0.0251816	1.07772	0.0497788
0.1	0.0252005	1.07825	0.0498056
0.1	0.0252194	1.07877	0.0498325
0.1	0.0252384	1.0793	0.0498593
0.1	0.0252573	1.07983	0.0498861
0.1	0.0252762	1.08035	0.0499129
0.1	0.0252951	1.08088	0.0499397
0.1	0.025314	1.0814	0.0499664
0.1	0.0253329	1.08193	0.0499931
0.1	0.0253518	1.08245	0.0500198
0.1	0.0253707	1.08298	0.0500465
0.1	0.0253896	1.0835	0.0500732
0.1	0.0254085	1.08403	0.0500998
0.1	0.0254273	1.08455	0.0501265
0.1	0.0254462	1.08508	0.0501531
0.1	0.0254651	1.0856	0.0501796
0.1	0.0254839	1.08612	0.0502062
0.1	0.0255028	1.08665	0.0502328
0.1	0.0255217	1.08717	0.0502593
0.1	0.0255405	1.08769	0.0502858
0.1	0.0255594	1.08822	0.0503123
0.1	0.0255782	1.08874	0.0503388
0.1	0.0255971	1.08926	0.0503652
0.1	0.0256159	1.08978	0.0503917
0.1	0.0256347	1.0903	0.0504181
0.1	0.0256535	1.09083	0.0504445
0.1	0.0256724	1.09135	0.0504708
0.1	0.0256912	1.09187	0.0504972
0.1	0.02571	1.09239	0.0505235
0.1	0.0257288	1.09291	0.0505499
0.1	0.0257476	1.09343	0.0505762
0.1	0.0257664	1.09395	0.0506024
0.1	0.0257852	1.09447	0.0506287
0.1	0.025804	1.09499	0.0506549
0.1	0.0258228	1.09551	0.0506812
0.1	0.0258416	1.09603	0.0507074
0.1	0.0258604	1.09655	0.0507335
0.1	0.0258791	1.09707	0.0507597
0.1	0.0258979	1.09759	0.0507859
0.1	0.0259167	1.0981	0.050812
0.1	0.0259354	1.09862	0.0508381
0.1	0.0259542	1.09914	0.0508642
0.1	0.0259729	1.09966	0.0508902
0.1	0.0259917	1.10018	0.0509163
0.1	0.0260104	1.10069	0.0509423
0.1	0.0260292	1.10121	0.0509683
0.1	0.0260479	1.10173	0.0509943
0.1	0.0260666	1.10224	0.0510203
0.1	0.0260854	1.10276	0.0510463
0.1	0.0261041	1.10328	0.0510722
0.1	0.0261228	1.10379	0.0510981
0.1	0.0261415	1.10431	0.051124
0.1	0.0261602	1.10482	0.0511499
0.1	0.0261789	1.10534	0.0511758
0.1	0.0261976	1.10585	0.0512016
0.1	0.0262163	1.10637	0.0512274
0.1	0.026235	1.10688	0.0512532
0.1	0.0262537	1.1074	0.051279
0.1	0.0262724	1.10791	0.0513048
0.1	0.0262911	1.10842	0.0513305
0.1	0.0263098	1.10894	0.0513563
0.1	0.0263284	1.10945	0.051382
0.1	0.0263471	1.10996	0.0514077
0.1	0.0263657	1.11048	0.0514333
0.1	0.0263844	1.11099	0.051459
0.1	0.0264031	1.1115	0.0514846
0.1	0.0264217	1.11202	0.0515102
0.1	0.0264403	1.11253	0.0515358
0.1	0.026459	1.11304	0.0515614
0.1	0.0264776	1.11355	0.051587
0.1	0.0264962	1.11406	0.0516125
0.1	0.0265149	1.11457	0.0516381
0.1	0.0265335	1.11508	0.0516636
0.1	0.0265521	1.1156	0.051689
0.1	0.0265707	1.11611	0.0517145
0.1	0.0265893	1.11662	0.05174
0.1	0.0266079	1.11713	0.0517654
0.1	0.0266265	1.11764	0.0517908
0.1	0.0266451	1.11815	0.0518162
0.1	0.0266637	1.11865	0.0518416
0.1	0.0266823	1.11916	0.0518669
0.1	0.0267009	1.11967	0.0518923
0.1	0.0267194	1.12018	0.0519176
0.1	0.026738	1.12069	0.0519429
0.1	0.0267566	1.1212	0.0519682
0.1	0.0267751	1.12171	0.0519934
0.1	0.0267937	1.12221	0.0520187
0.1	0.0268122	1.12272	0.0520439
0.1	0.0268308	1.12323	0.0520691
0.1	0.0268493	1.12374	0.0520943
0.1	0.0268679	1.12424	0.0521195
0.1	0.0268864	1.12475	0.0521446
0.1	0.0269049	1.12526	0.0521698
0.1	0.0269235	1.12576	0.0521949
0.1	0.026942	1.12627	0.05222
0.1	0.0269605	1.12677	0.0522451
0.1	0.026979	1.12728	0.0522701
0.1	0.0269975	1.12778	0.0522952
0.1	0.027016	1.12829	0.0523202
0.1	0.0270345	1.12879	0.0523452
0.1	0.027053	1.1293	0.0523702
0.1	0.0270715	1.1298	0.0523952
0.1	0.02709	1.13031	0.0524201
0.1	0.0271084	1.13081	0.052445
0.1	0.0271269	1.13132	0.05247
0.1	0.0271454	1.13182	0.0524949
0.1	0.0271639	1.13232	0.0525197
0.1	0.0271823	1.13282	0.0525446
0.1	0.0272008	1.13333	0.0525694
0.1	0.0272192	1.13383	0.0525943
0.1	0.0272377	1.13433	0.0526191
0.1	0.0272561	1.13483	0.0526439
0.1	0.0272745	1.13534	0.0526686
0.1	0.027293	1.13584	0.0526934
0.1	0.0273114	1.13634	0.0527181
0.1	0.0273298	1.13684	0.0527428
0.1	0.0273482	1.13734	0.0527675
0.1	0.0273667	1.13784	0.0527922
0.1	0.0273851	1.13834	0.0528169
0.1	0.0274035	1.13884	0.0528415
0.1	0.0274219	1.13934	0.0528661
0.1	0.0274403	1.13984	0.0528908
0.1	0.0274587	1.14034	0.0529153
0.1	0.027477	1.14084	0.0529399
0.1	0.0274954	1.14134	0.0529645
0.1	0.0275138	1.14184	0.052989
0.1	0.0275322	1.14234	0.0530135
0.1	0.0275505	1.14284	0.053038
0.1	0.0275689	1.14334	0.0530625
0.1	0.0275873	1.14383	0.053087
0.1	0.0276056	1.14433	0.0531114
0.1	0.027624	1.14483	0.0531359
0.1	0.0276423	1.14533	0.0531603
0.1	0.0276606	1.14582	0.0531847
0.1	0.027679	1.14632	0.053209
0.1	0.0276973	1.14682	0.0532334
0.1	0.0277156	1.14731	0.0532577
0.1	0.0277339	1.14781	0.0532821
0.1	0.0277523	1.14831	0.0533064
0.1	0.0277706	1.1488	0.0533307
0.1	0.0277889	1.1493	0.0533549
0.1	0.0278072	1.14979	0.0533792
0.1	0.0278255	1.15029	0.0534034
0.1	0.0278438	1.15078	0.0534276
0.1	0.027862	1.15128	0.0534518
0.1	0.0278803	1.15177	0.053476
0.1	0.0278986	1.15227	0.0535002
0.1	0.0279169	1.15276	0.0535243
0.1	0.0279351	1.15326	0.0535484
0.1	0.0279534	1.15375	0.0535726
0.1	0.0279717	1.15424	0.0535966
0.1	0.0279899	1.15474	0.0536207
0.1	0.0280082	1.15523	0.0536448
0.1	0.0280264	1.15572	0.0536688
0.1	0.0280447	1.15621	0.0536928
0.1	0.0280629	1.15671	0.0537168
0.1	0.0280811	1.1572	0.0537408
0.1	0.0280993	1.15769	0.0537648
0.1	0.0281176	1.15818	0.0537888
0.1	0.0281358	1.15867	0.0538127
0.1	0.028154	1.15916	0.0538366
0.1	0.0281722	1.15965	0.0538605
0.1	0.0281904	1.16015	0.0538844
0.1	0.0282086	1.16064	0.0539083
0.1	0.0282268	1.16113	0.0539321
0.1	0.028245	1.16162	0.0539559
0.1	0.0282631	1.16211	0.0539798
0.1	0.0282813	1.1626	0.0540035
0.1	0.0282995	1.16308	0.0540273
0.1	0.0283177	1.16357	0.0540511
0.1	0.0283358	1.16406	0.0540748
0.1	0.028354	1.16455	0.0540986
0.1	0.0283721	1.16504	0.0541223
0.1	0.0283903	1.16553	0.054146
0.1	0.0284084	1.16602	0.0541696
0.1	0.0284266	1.1665	0.0541933
0.1	0.0284447	1.16699	0.0542169
0.1	0.0284628	1.16748	0.0542406
0.1	0.0284809	1.16797	0.0542642
0.1	0.0284991	1.16845	0.0542878
0.1	0.0285172	1.16894	0.0543113
0.1	0.0285353	1.16943	0.0543349
0.1	0.0285534	1.16991	0.0543584
0.1	0.0285715	1.1704	0.0543819
0.1	0.0285896	1.17088	0.0544054
0.1	0.0286077	1.17137	0.0544289
0.1	0.0286258	1.17185	0.0544524
0.1	0.0286438	1.17234	0.0544758
0.1	0.0286619	1.17282	0.0544993
0.1	0.02868	1.17331	0.0545227
0.1	0.028698	1.17379	0.0545461
0.1	0.0287161	1.17428	0.0545695
0.1	0.0287342	1.17476	0.0545928
0.1	0.0287522	1.17525	0.0546162
0.1	0.0287703	1.17573	0.0546395
0.1	0.0287883	1.17621	0.0546628
0.1	0.0288063	1.1767	0.0546861
0.1	0.0288244	1.17718	0.0547094
0.1	0.0288424	1.17766	0.0547327
0.1	0.0288604	1.17814	0.0547559
0.1	0.0288784	1.17863	0.0547792
0.1	0.0288964	1.17911	0.0548024
0.1	0.0289144	1.17959	0.0548256
0.1	0.0289324	1.18007	0.0548488
0.1	0.0289504	1.18055	0.0548719
0.1	0.0289684	1.18103	0.0548951
0.1	0.0289864	1.18151	0.0549182
0.1	0.0290044	1.18199	0.0549413
0.1	0.0290224	1.18248	0.0549644
0.1	0.0290403	1.18296	0.0549875
0.1	0.0290583	1.18344	0.0550105
0.1	0.0290763	1.18392	0.0550336
0.1	0.0290942	1.18439	0.0550566
0.1	0.0291122	1.18487	0.0550796
0.1	0.0291301	1.18535	0.0551026
0.1	0.0291481	1.18583	0.0551256
0.1	0.029166	1.18631	0.0551486
0.1	0.0291839	1.18679	0.0551715
0.1	0.0292019	1.18727	0.0551944
0.1	0.0292198	1.18775	0.0552174
0.1	0.0292377	1.18822	0.0552402
0.1	0.0292556	1.1887	0.0552631
0.1	0.0292735	1.18918	0.055286
0.1	0.0292914	1.18966	0.0553088
0.1	0.0293093	1.19013	0.0553317
0.1	0.0293272	1.19061	0.0553545
0.1	0.0293451	1.19109	0.0553773
0.1	0.029363	1.19156	0.0554
0.1	0.0293809	1.19204	0.0554228
0.1	0.0293987	1.19251	0.0554456
0.1	0.0294166	1.19299	0.0554683
0.1	0.0294345	1.19346	0.055491
0.1	0.0294523	1.19394	0.0555137
0.1	0.0294702	1.19441	0.0555364
0.1	0.029488	1.19489	0.055559
0.1	0.0295059	1.19536	0.0555817
0.1	0.0295237	1.19584	0.0556043
0.1	0.0295416	1.19631	0.0556269
0.1	0.0295594	1.19679	0.0556495
0.1	0.0295772	1.19726	0.0556721
0.1	0.029595	1.19773	0.0556947
0.1	0.0296128	1.19821	0.0557172
0.1	0.0296306	1.19868	0.0557398
0.1	0.0296485	1.19915	0.0557623
0.1	0.0296662	1.19962	0.0557848
0.1	0.029684	1.2001	0.0558073
0.1	0.0297018	1.20057	0.0558297
0.1	0.0297196	1.20104	0.0558522
0.1	0.0297374	1.20151	0.0558746
0.1	0.0297552	1.20198	0.055897
0.1	0.0297729	1.20245	0.0559194
0.1	0.0297907	1.20293	0.0559418
0.1	0.0298085	1.2034	0.0559642
0.1	0.0298262	1.20387	0.0559865
0.1	0.029844	1.20434	0.0560089
0.1	0.0298617	1.20481	0.0560312
0.1	0.0298794	1.20528	0.0560535
0.1	0.0298972	1.20575	0.0560758
0.1	0.0299149	1.20622	0.0560981
0.1	0.0299326	1.20668	0.0561203
0.1	0.0299503	1.20715	0.0561425
0.1	0.0299681	1.20762	0.0561648
0.1	0.0299858	1.20809	0.056187
0.1	0.0300035	1.20856	0.0562092
0.1	0.0300212	1.20903	0.0562313
0.1	0.0300389	1.2095	0.0562535
0.1	0.0300566	1.20996	0.0562756
0.1	0.0300742	1.21043	0.0562978
0.1	0.0300919	1.2109	0.0563199
0.1	0.0301096	1.21136	0.056342
0.1	0.0301273	1.21183	0.0563641
0.1	0.0301449	1.2123	0.0563861
0.1	0.0301626	1.21276	0.0564082
0.1	0.0301802	1.21323	0.0564302
0.1	0.0301979	1.2137	0.0564522
0.1	0.0302155	1.21416	0.0564742
0.1	0.0302332	1.21463	0.0564962
0.1	0.0302508	1.21509	0.0565182
0.1	0.0302684	1.21556	0.0565401
0.1	0.030286	1.21602	0.0565621
0.1	0.0303037	1.21649	0.056584
0.1	0.0303213	1.21695	0.0566059
0.1	0.0303389	1.21742	0.0566278
0.1	0.0303565	1.21788	0.0566496
0.1	0.0303741	1.21834	0.0566715
0.1	0.0303917	1.21881	0.0566933
0.1	0.0304093	1.21927	0.0567152
0.1	0.0304268	1.21973	0.056737
0.1	0.0304444	1.2202	0.0567588
0.1	0.030462	1.22066	0.0567805
0.1	0.0304796	1.22112	0.0568023
0.1	0.0304971	1.22158	0.0568241
0.1	0.0305147	1.22205	0.0568458
0.1	0.0305322	1.22251	0.0568675
0.1	0.0305498	1.22297	0.0568892
0.1	0.0305673	1.22343	0.0569109
0.1	0.0305848	1.22389	0.0569325
0.1	0.0306024	1.22435	0.0569542
0.1	0.0306199	1.22481	0.0569758
0.1	0.0306374	1.22527	0.0569975
0.1	0.0306549	1.22574	0.0570191
0.1	0.0306725	1.2262	0.0570407
0.1	0.03069	1.22666	0.0570622
0.1	0.0307075	1.22711	0.0570838
0.1	0.030725	1.22757	0.0571053
0.1	0.0307424	1.22803	0.0571269
0.1	0.0307599	1.22849	0.0571484
0.1	0.0307774	1.22895	0.0571699
0.1	0.0307949	1.22941	0.0571913
0.1	0.0308124	1.22987	0.0572128
0.1	0.0308298	1.23033	0.0572343
0.1	0.0308473	1.23078	0.0572557
0.1	0.0308647	1.23124	0.0572771
0.1	0.0308822	1.2317	0.0572985
0.1	0.0308996	1.23216	0.0573199
0.1	0.0309171	1.23261	0.0573413
0.1	0.0309345	1.23307	0.0573626
0.1	0.0309519	1.23353	0.057384
0.1	0.0309694	1.23398	0.0574053
0.1	0.0309868	1.23444	0.0574266
0.1	0.0310042	1.2349	0.0574479
0.1	0.0310216	1.23535	0.0574692
0.1	0.031039	1.23581	0.0574905
0.1	0.0310564	1.23626	0.0575117
0.1	0.0310738	1.23672	0.0575329
0.1	0.0310912	1.23717	0.0575542
0.1	0.0311086	1.23763	0.0575754
0.1	0.031126	1.23808	0.0575965
0.1	0.0311433	1.23854	0.0576177
0.1	0.0311607	1.23899	0.0576389
0.1	0.0311781	1.23944	0.05766
0.1	0.0311954	1.2399	0.0576812
0.1	0.0312128	1.24035	0.0577023
0.1	0.0312301	1.2408	0.0577234
0.1	0.0312475	1.24126	0.0577444
0.1	0.0312648	1.24171	0.0577655
0.1	0.0312821	1.24216	0.0577866
0.1	0.0312995	1.24262	0.0578076
0.1	0.0313168	1.24307	0.0578286
0.1	0.0313341	1.24352	0.0578496
0.1	0.0313514	1.24397	0.0578706
0.1	0.0313687	1.24442	0.0578916
0.1	0.031386	1.24487	0.0579126
0.1	0.0314033	1.24533	0.0579335
0.1	0.0314206	1.24578	0.0579544
0.1	0.0314379	1.24623	0.0579753
0.1	0.0314552	1.24668	0.0579962
0.1	0.0314724	1.24713	0.0580171
0.1	0.0314897	1.24758	0.058038
0.1	0.031507	1.24803	0.0580589
0.1	0.0315242	1.24848	0.0580797
0.1	0.0315415	1.24893	0.0581005
0.1	0.0315587	1.24938	0.0581213
0.1	0.031576	1.24982	0.0581421
0.1	0.0315932	1.25027	0.0581629
0.1	0.0316105	1.25072	0.0581837
0.1	0.0316277	1.25117	0.0582044
0.1	0.0316449	1.25162	0.0582252
0.1	0.0316621	1.25207	0.0582459
0.1	0.0316793	1.25251	0.0582666
0.1	0.0316966	1.25296	0.0582873
0.1	0.0317138	1.25341	0.058308
0.1	0.031731	1.25386	0.0583286
0.1	0.0317481	1.2543	0.0583493
0.1	0.0317653	1.25475	0.0583699
0.1	0.0317825	1.2552	0.0583905
0.1	0.0317997	1.25564	0.0584111
0.1	0.0318169	1.25609	0.0584317
0.1	0.031834	1.25653	0.0584523
0.1	0.0318512	1.25698	0.0584729
0.1	0.0318684	1.25743	0.0584934
0.1	0.0318855	1.25787	0.0585139
0.1	0.0319027	1.25832	0.0585344
0.1	0.0319198	1.25876	0.0585549
0.1	0.0319369	1.25921	0.0585754
0.1	0.0319541	1.25965	0.0585959
0.1	0.0319712	1.26009	0.0586164
0.1	0.0319883	1.26054	0.0586368
0.1	0.0320054	1.26098	0.0586572
0.1	0.0320225	1.26142	0.0586776
0.1	0.0320396	1.26187	0.058698
0.1	0.0320567	1.26231	0.0587184
0.1	0.0320738	1.26275	0.0587388
0.1	0.0320909	1.2632	0.0587591
0.1	0.032108	1.26364	0.0587795
0.1	0.0321251	1.26408	0.0587998
0.1	0.0321422	1.26452	0.0588201
0.1	0.0321592	1.26497	0.0588404
0.1	0.0321763	1.26541	0.0588607
0.1	0.0321934	1.26585	0.0588809
0.1	0.0322104	1.26629	0.0589012
0.1	0.0322275	1.26673	0.0589214
0.1	0.0322445	1.26717	0.0589417
0.1	0.0322615	1.26761	0.0589619
0.1	0.0322786	1.26805	0.0589821
0.1	0.0322956	1.26849	0.0590022
0.1	0.0323126	1.26893	0.0590224
0.1	0.0323296	1.26937	0.0590426
0.1	0.0323466	1.26981	0.0590627
0.1	0.0323637	1.27025	0.0590828
0.1	0.0323807	1.27069	0.0591029
0.1	0.0323977	1.27113	0.059123
0.1	0.0324146	1.27157	0.0591431
0.1	0.0324316	1.27201	0.0591632
0.1	0.0324486	1.27245	0.0591832
0.1	0.0324656	1.27288	0.0592033
0.1	0.0324826	1.27332	0.0592233
0.1	0.0324995	1.27376	0.0592433
0.1	0.0325165	1.2742	0.0592633
0.1	0.0325334	1.27463	0.0592833
0.1	0.0325504	1.27507	0.0593032
0.1	0.0325673	1.27551	0.0593232
0.1	0.0325843	1.27594	0.0593431
0.1	0.0326012	1.27638	0.059363
0.1	0.0326181	1.27682	0.0593829
0.1	0.0326351	1.27725	0.0594028
0.1	0.032652	1.27769	0.0594227
0.1	0.0326689	1.27812	0.0594426
0.1	0.0326858	1.27856	0.0594624
0.1	0.0327027	1.279	0.0594823
0.1	0.0327196	1.27943	0.0595021
0.1	0.0327365	1.27986	0.0595219
0.1	0.0327534	1.2803	0.0595417
0.1	0.0327703	1.28073	0.0595615
0.1	0.0327871	1.28117	0.0595812
0.1	0.032804	1.2816	0.059601
0.1	0.0328209	1.28204	0.0596207
0.1	0.0328377	1.28247	0.0596405
0.1	0.0328546	1.2829	0.0596602
0.1	0.0328714	1.28334	0.0596799
0.1	0.0328883	1.28377	0.0596995
0.1	0.0329051	1.2842	0.0597192
0.1	0.032922	1.28463	0.0597389
0.1	0.0329388	1.28507	0.0597585
0.1	0.0329556	1.2855	0.0597781
0.1	0.0329724	1.28593	0.0597978
0.1	0.0329892	1.28636	0.0598174
0.1	0.033006	1.28679	0.0598369
0.1	0.0330229	1.28723	0.0598565
0.1	0.0330396	1.28766	0.0598761
0.1	0.0330564	1.28809	0.0598956
0.1	0.0330732	1.28852	0.0599151
0.1	0.03309	1.28895	0.0599347
0.1	0.0331068	1.28938	0.0599542
0.1	0.0331236	1.28981	0.0599736
0.1	0.0331403	1.29024	0.0599931
0.1	0.0331571	1.29067	0.0600126
0.1	0.0331738	1.2911	0.060032
0.1	0.0331906	1.29153	0.0600515
0.1	0.0332073	1.29196	0.0600709
0.1	0.0332241	1.29239	0.0600903
0.1	0.0332408	1.29281	0.0601097
0.1	0.0332576	1.29324	0.0601291
0.1	0.0332743	1.29367	0.0601484
0.1	0.033291	1.2941	0.0601678
0.1	0.0333077	1.29453	0.0601871
0.1	0.0333244	1.29495	0.0602064
0.1	0.0333411	1.29538	0.0602257
0.1	0.0333578	1.29581	0.060245
0.1	0.0333745	1.29624	0.0602643
0.1	0.0333912	1.29666	0.0602836
0.1	0.0334079	1.29709	0.0603028
0.1	0.0334246	1.29752	0.0603221
0.1	0.0334412	1.29794	0.0603413
0.1	0.0334579	1.29837	0.0603605
0.1	0.0334746	1.29879	0.0603797
0.1	0.0334912	1.29922	0.0603989
0.1	0.0335079	1.29965	0.0604181
0.1	0.0335245	1.30007	0.0604372
0.1	0.0335412	1.3005	0.0604564
0.1	0.0335578	1.30092	0.0604755
0.1	0.0335744	1.30135	0.0604946
0.1	0.0335911	1.30177	0.0605137
0.1	0.0336077	1.30219	0.0605328
0.1	0.0336243	1.30262	0.0605519
0.1	0.0336409	1.30304	0.060571
0.1	0.0336575	1.30347	0.06059
0.1	0.0336741	1.30389	0.0606091
0.1	0.0336907	1.30431	0.0606281
0.1	0.0337073	1.30474	0.0606471
0.1	0.0337239	1.30516	0.0606661
0.1	0.0337405	1.30558	0.0606851
0.1	0.033757	1.306	0.0607041
0.1	0.0337736	1.30643	0.060723
0.1	0.0337902	1.30685	0.060742
0.1	0.0338067	1.30727	0.0607609
0.1	0.0338233	1.30769	0.0607798
0.1	0.0338398	1.30811	0.0607987
0.1	0.0338564	1.30853	0.0608176
0.1	0.0338729	1.30895	0.0608365
0.1	0.0338894	1.30938	0.0608553
0.1	0.033906	1.3098	0.0608742
0.1	0.0339225	1.31022	0.060893
0.1	0.033939	1.31064	0.0609119
0.1	0.0339555	1.31106	0.0609307
0.1	0.033972	1.31148	0.0609495
0.1	0.0339885	1.3119	0.0609683
0.1	0.034005	1.31232	0.060987
0.1	0.0340215	1.31273	0.0610058
0.1	0.034038	1.31315	0.0610245
0.1	0.0340545	1.31357	0.0610433
0.1	0.0340709	1.31399	0.061062
0.1	0.0340874	1.31441	0.0610807
0.1	0.0341039	1.31483	0.0610994
0.1	0.0341203	1.31525	0.0611181
0.1	0.0341368	1.31566	0.0611367
0.1	0.0341532	1.31608	0.0611554
0.1	0.0341697	1.3165	0.061174
0.1	0.0341861	1.31692	0.0611926
0.1	0.0342025	1.31733	0.0612113
0.1	0.034219	1.31775	0.0612299
0.1	0.0342354	1.31817	0.0612484
0.1	0.0342518	1.31858	0.061267
0.1	0.0342682	1.319	0.0612856
0.1	0.0342846	1.31942	0.0613041
0.1	0.034301	1.31983	0.0613227
0.1	0.0343174	1.32025	0.0613412
0.1	0.0343338	1.32066	0.0613597
0.1	0.0343502	1.32108	0.0613782
0.1	0.0343666	1.32149	0.0613967
0.1	0.0343829	1.32191	0.0614152
0.1	0.0343993	1.32232	0.0614336
0.1	0.0344157	1.32274	0.0614521
0.1	0.034432	1.32315	0.0614705
0.1	0.0344484	1.32357	0.0614889
0.1	0.0344647	1.32398	0.0615073
0.1	0.0344811	1.32439	0.0615257
0.1	0.0344974	1.32481	0.0615441
0.1	0.0345138	1.32522	0.0615625
0.1	0.0345301	1.32563	0.0615808
0.1	0.0345464	1.32605	0.0615991
0.1	0.0345627	1.32646	0.0616175
0.1	0.034579	1.32687	0.0616358
0.1	0.0345953	1.32728	0.0616541
0.1	0.0346116	1.3277	0.0616724
0.1	0.0346279	1.32811	0.0616907
0.1	0.0346442	1.32852	0.0617089
0.1	0.0346605	1.32893	0.0617272
0.1	0.0346768	1.32934	0.0617454
0.1	0.0346931	1.32975	0.0617636
0.1	0.0347093	1.33016	0.0617819
0.1	0.0347256	1.33058	0.0618001
0.1	0.0347419	1.33099	0.0618183
0.1	0.0347581	1.3314	0.0618364
0.1	0.0347744	1.33181	0.0618546
0.1	0.0347906	1.33222	0.0618727
0.1	0.0348068	1.33263	0.0618909
0.1	0.0348231	1.33304	0.061909
0.1	0.0348393	1.33345	0.0619271
0.1	0.0348555	1.33386	0.0619452
0.1	0.0348718	1.33426	0.0619633
0.1	0.034888	1.33467	0.0619814
0.1	0.0349042	1.33508	0.0619994
0.1	0.0349204	1.33549	0.0620175
0.1	0.0349366	1.3359	0.0620355
0.1	0.0349528	1.33631	0.0620536
0.1	0.0349689	1.33671	0.0620716
0.1	0.0349851	1.33712	0.0620896
0.1	0.0350013	1.33753	0.0621075
0.1	0.0350175	1.33794	0.0621255
0.1	0.0350336	1.33834	0.0621435
0.1	0.0350498	1.33875	0.0621614
0.1	0.035066	1.33916	0.0621794
0.1	0.0350821	1.33956	0.0621973
0.1	0.0350982	1.33997	0.0622152
0.1	0.0351144	1.34038	0.0622331
0.1	0.0351305	1.34078	0.062251
0.1	0.0351466	1.34119	0.0622689
0.1	0.0351628	1.34159	0.0622867
0.1	0.0351789	1.342	0.0623046
0.1	0.035195	1.3424	0.0623224
0.1	0.0352111	1.34281	0.0623402
0.1	0.0352272	1.34321	0.0623581
0.1	0.0352433	1.34362	0.0623759
0.1	0.0352594	1.34402	0.0623936
0.1	0.0352755	1.34443	0.0624114
0.1	0.0352916	1.34483	0.0624292
0.1	0.0353076	1.34524	0.0624469
0.1	0.0353237	1.34564	0.0624647
0.1	0.0353398	1.34604	0.0624824
0.1	0.0353558	1.34645	0.0625001
0.1	0.0353719	1.34685	0.0625178
0.1	0.035388	1.34725	0.0625355
0.1	0.035404	1.34765	0.0625532
0.1	0.03542	1.34806	0.0625708
0.1	0.0354361	1.34846	0.0625885
0.1	0.0354521	1.34886	0.0626061
0.1	0.0354681	1.34926	0.0626238
0.1	0.0354841	1.34967	0.0626414
0.1	0.0355002	1.35007	0.062659
0.1	0.0355162	1.35047	0.0626766
0.1	0.0355322	1.35087	0.0626941
0.1	0.0355482	1.35127	0.0627117
0.1	0.0355642	1.35167	0.0627293
0.1	0.0355801	1.35207	0.0627468
0.1	0.0355961	1.35247	0.0627643
0.1	0.0356121	1.35287	0.0627819
0.1	0.0356281	1.35327	0.0627994
0.1	0.035644	1.35367	0.0628169
0.1	0.03566	1.35407	0.0628343
0.1	0.035676	1.35447	0.0628518
0.1	0.0356919	1.35487	0.0628693
0.1	0.0357079	1.35527	0.0628867
0.1	0.0357238	1.35567	0.0629041
0.1	0.0357397	1.35607	0.0629216
0.1	0.0357557	1.35647	0.062939
0.1	0.0357716	1.35686	0.0629564
0.1	0.0357875	1.35726	0.0629738
0.1	0.0358034	1.35766	0.0629911
0.1	0.0358193	1.35806	0.0630085
0.1	0.0358352	1.35846	0.0630258
0.1	0.0358511	1.35885	0.0630432
0.1	0.035867	1.35925	0.0630605
0.1	0.0358829	1.35965	0.0630778
0.1	0.0358988	1.36004	0.0630951
0.1	0.0359147	1.36044	0.0631124
0.1	0.0359305	1.36084	0.0631297
0.1	0.0359464	1.36123	0.063147
0.1	0.0359623	1.36163	0.0631642
0.1	0.0359781	1.36203	0.0631815
0.1	0.035994	1.36242	0.0631987
0.1	0.0360098	1.36282	0.0632159
0.1	0.0360257	1.36321	0.0632331
0.1	0.0360415	1.36361	0.0632503
0.1	0.0360573	1.364	0.0632675
0.1	0.0360732	1.3644	0.0632847
0.1	0.036089	1.36479	0.0633018
0.1	0.0361048	1.36519	0.063319
0.1	0.0361206	1.36558	0.0633361
0.1	0.0361364	1.36597	0.0633532
0.1	0.0361522	1.36637	0.0633703
0.1	0.036168	1.36676	0.0633874
0.1	0.0361838	1.36716	0.0634045
0.1	0.0361996	1.36755	0.0634216
0.1	0.0362154	1.36794	0.0634387
0.1	0.0362311	1.36834	0.0634557
0.1	0.0362469	1.36873	0.0634728
0.1	0.0362627	1.36912	0.0634898
0.1	0.0362784	1.36951	0.0635068
0.1	0.0362942	1.36991	0.0635238
0.1	0.0363099	1.3703	0.0635408
0.1	0.0363257	1.37069	0.0635578
0.1	0.0363414	1.37108	0.0635748
0.1	0.0363571	1.37147	0.0635917
0.1	0.0363729	1.37186	0.0636087
0.1	0.0363886	1.37225	0.0636256
0.1	0.0364043	1.37265	0.0636425
0.1	0.03642	1.37304	0.0636594
0.1	0.0364357	1.37343	0.0636763
0.1	0.0364514	1.37382	0.0636932
0.1	0.0364671	1.37421	0.0637101
0.1	0.0364828	1.3746	0.063727
0.1	0.0364985	1.37499	0.0637438
0.1	0.0365142	1.37538	0.0637607
0.1	0.0365299	1.37577	0.0637775
0.1	0.0365455	1.37616	0.0637943
0.1	0.0365612	1.37654	0.0638111
0.1	0.0365768	1.37693	0.0638279
0.1	0.0365925	1.37732	0.0638447
0.1	0.0366081	1.37771	0.0638615
0.1	0.0366238	1.3781	0.0638783
0.1	0.0366394	1.37849	0.063895
0.1	0.0366551	1.37887	0.0639118
0.1	0.0366707	1.37926	0.0639285
0.1	0.0366863	1.37965	0.0639452
0.1	0.0367019	1.38004	0.0639619
0.1	0.0367175	1.38042	0.0639786
0.1	0.0367332	1.38081	0.0639953
0.1	0.0367488	1.3812	0.064012
0.1	0.0367644	1.38159	0.0640286
0.1	0.0367799	1.38197	0.0640453
0.1	0.0367955	1.38236	0.0640619
0.1	0.0368111	1.38274	0.0640785
0.1	0.0368267	1.38313	0.0640951
0.1	0.0368423	1.38352	0.0641118
0.1	0.0368578	1.3839	0.0641283
0.1	0.0368734	1.38429	0.0641449
0.1	0.0368889	1.38467	0.0641615
0.1	0.0369045	1.38506	0.0641781
0.1	0.03692	1.38544	0.0641946
0.1	0.0369356	1.38583	0.0642111
0.1	0.0369511	1.38621	0.0642277
0.1	0.0369666	1.3866	0.0642442
0.1	0.0369822	1.38698	0.0642607
0.1	0.0369977	1.38736	0.0642772
0.1	0.0370132	1.38775	0.0642936
0.1	0.0370287	1.38813	0.0643101
0.1	0.0370442	1.38851	0.0643266
0.1	0.0370597	1.3889	0.064343
0.1	0.0370752	1.38928	0.0643595
0.1	0.0370907	1.38966	0.0643759
0.1	0.0371062	1.39005	0.0643923
0.1	0.0371217	1.39043	0.0644087
0.1	0.0371371	1.39081	0.0644251
0.1	0.0371526	1.39119	0.0644415
0.1	0.0371681	1.39158	0.0644578
0.1	0.0371835	1.39196	0.0644742
0.1	0.037199	1.39234	0.0644905
0.1	0.0372144	1.39272	0.0645069
0.1	0.0372299	1.3931	0.0645232
0.1	0.0372453	1.39348	0.0645395
0.1	0.0372607	1.39386	0.0645558
0.1	0.0372762	1.39424	0.0645721
0.1	0.0372916	1.39462	0.0645884
0.1	0.037307	1.39501	0.0646046
0.1	0.0373224	1.39539	0.0646209
0.1	0.0373378	1.39577	0.0646371
0.1	0.0373532	1.39615	0.0646534
0.1	0.0373686	1.39652	0.0646696
0.1	0.037384	1.3969	0.0646858
0.1	0.0373994	1.39728	0.064702
0.1	0.0374148	1.39766	0.0647182
0.1	0.0374301	1.39804	0.0647344
0.1	0.0374455	1.39842	0.0647506
0.1	0.0374609	1.3988	0.0647667
0.1	0.0374762	1.39918	0.0647829
0.1	0.0374916	1.39956	0.064799
0.1	0.0375069	1.39993	0.0648151
0.1	0.0375223	1.40031	0.0648312
0.1	0.0375376	1.40069	0.0648473
0.1	0.037553	1.40107	0.0648634
0.1	0.0375683	1.40144	0.0648795
0.1	0.0375836	1.40182	0.0648956
0.1	0.0375989	1.4022	0.0649117
0.1	0.0376142	1.40258	0.0649277
0.1	0.0376295	1.40295	0.0649437
0.1	0.0376448	1.40333	0.0649598
0.1	0.0376601	1.4037	0.0649758
0.1	0.0376754	1.40408	0.0649918
0.1	0.0376907	1.40446	0.0650078
0.1	0.037706	1.40483	0.0650238
0.1	0.0377213	1.40521	0.0650397
0.1	0.0377366	1.40558	0.0650557
0.1	0.0377518	1.40596	0.0650717
0.1	0.0377671	1.40633	0.0650876
0.1	0.0377823	1.40671	0.0651035
0.1	0.0377976	1.40708	0.0651195
0.1	0.0378128	1.40746	0.0651354
0.1	0.0378281	1.40783	0.0651513
0.1	0.0378433	1.40821	0.0651672
0.1	0.0378585	1.40858	0.065183
0.1	0.0378738	1.40895	0.0651989
0.1	0.037889	1.40933	0.0652148
0.1	0.0379042	1.4097	0.0652306
0.1	0.0379194	1.41007	0.0652464
0.1	0.0379346	1.41045	0.0652623
0.1	0.0379498	1.41082	0.0652781
0.1	0.037965	1.41119	0.0652939
0.1	0.0379802	1.41157	0.0653097
0.1	0.0379954	1.41194	0.0653254
0.1	0.0380106	1.41231	0.0653412
0.1	0.0380257	1.41268	0.065357
0.1	0.0380409	1.41305	0.0653727
0.1	0.0380561	1.41343	0.0653885
0.1	0.0380712	1.4138	0.0654042
0.1	0.0380864	1.41417	0.0654199
0.1	0.0381015	1.41454	0.0654356
0.1	0.0381167	1.41491	0.0654513
0.1	0.0381318	1.41528	0.065467
0.1	0.038147	1.41565	0.0654827
0.1	0.0381621	1.41602	0.0654983
0.1	0.0381772	1.41639	0.065514
0.1	0.0381923	1.41676	0.0655296
0.1	0.0382074	1.41713	0.0655453
0.1	0.0382226	1.4175	0.0655609
0.1	0.0382377	1.41787	0.0655765
0.1	0.0382528	1.41824	0.0655921
0.1	0.0382678	1.41861	0.0656077
0.1	0.0382829	1.41898	0.0656233
0.1	0.038298	1.41935	0.0656389
0.1	0.0383131	1.41972	0.0656544
0.1	0.0383282	1.42009	0.06567
0.1	0.0383432	1.42046	0.0656855
0.1	0.0383583	1.42082	0.065701
0.1	0.0383734	1.42119	0.0657165
0.1	0.0383884	1.42156	0.0657321
0.1	0.0384035	1.42193	0.0657476
0.1	0.0384185	1.4223	0.065763
0.1	0.0384335	1.42266	0.0657785
0.1	0.0384486	1.42303	0.065794
0.1	0.0384636	1.4234	0.0658094
0.1	0.0384786	1.42376	0.0658249
0.1	0.0384936	1.42413	0.0658403
0.1	0.0385086	1.4245	0.0658558
0.1	0.0385236	1.42486	0.0658712
0.1	0.0385386	1.42523	0.0658866
0.1	0.0385536	1.4256	0.065902
0.1	0.0385686	1.42596	0.0659174
0.1	0.0385836	1.42633	0.0659327
0.1	0.0385986	1.42669	0.0659481
0.1	0.0386136	1.42706	0.0659634
0.1	0.0386285	1.42742	0.0659788
0.1	0.0386435	1.42779	0.0659941
0.1	0.0386585	1.42815	0.0660094
0.1	0.0386734	1.42852	0.0660248
0.1	0.0386884	1.42888	0.0660401
0.1	0.0387033	1.42925	0.0660554
0.1	0.0387183	1.42961	0.0660706
0.1	0.0387332	1.42998	0.0660859
0.1	0.0387481	1.43034	0.0661012
0.1	0.0387631	1.4307	0.0661164
0.1	0.038778	1.43107	0.0661317
0.1	0.0387929	1.43143	0.0661469
0.1	0.0388078	1.43179	0.0661621
0.1	0.0388227	1.43216	0.0661773
0.1	0.0388376	1.43252	0.0661925
0.1	0.0388525	1.43288	0.0662077
0.1	0.0388674	1.43324	0.0662229
0.1	0.0388823	1.43361	0.0662381
0.1	0.0388972	1.43397	0.0662532
0.1	0.038912	1.43433	0.0662684
0.1	0.0389269	1.43469	0.0662835
0.1	0.0389418	1.43505	0.0662987
0.1	0.0389566	1.43541	0.0663138
0.1	0.0389715	1.43578	0.0663289
0.1	0.0389863	1.43614	0.066344
0.1	0.0390012	1.4365	0.0663591
0.1	0.039016	1.43686	0.0663742
0.1	0.0390308	1.43722	0.0663892
0.1	0.0390457	1.43758	0.0664043
0.1	0.0390605	1.43794	0.0664193
0.1	0.0390753	1.4383	0.0664344
0.1	0.0390901	1.43866	0.0664494
0.1	0.0391049	1.43902	0.0664644
0.1	0.0391197	1.43938	0.0664794
0.1	0.0391345	1.43974	0.0664944
0.1	0.0391493	1.4401	0.0665094
0.1	0.0391641	1.44046	0.0665244
0.1	0.0391789	1.44082	0.0665394
0.1	0.0391937	1.44118	0.0665543
0.1	0.0392085	1.44153	0.0665693
0.1	0.0392232	1.44189	0.0665842
0.1	0.039238	1.44225	0.0665992
0.1	0.0392527	1.44261	0.0666141
0.1	0.0392675	1.44297	0.066629
0.1	0.0392822	1.44332	0.0666439
0.1	0.039297	1.44368	0.0666588
0.1	0.0393117	1.44404	0.0666737
0.1	0.0393265	1.4444	0.0666885
0.1	0.0393412	1.44475	0.0667034
0.1	0.0393559	1.44511	0.0667183
0.1	0.0393706	1.44547	0.0667331
0.1	0.0393853	1.44582	0.0667479
0.1	0.0394	1.44618	0.0667628
0.1	0.0394148	1.44654	0.0667776
0.1	0.0394294	1.44689	0.0667924
0.1	0.0394441	1.44725	0.0668072
0.1	0.0394588	1.4476	0.066822
0.1	0.0394735	1.44796	0.0668367
0.1	0.0394882	1.44832	0.0668515
0.1	0.0395029	1.44867	0.0668663
0.1	0.0395175	1.44903	0.066881
0.1	0.0395322	1.44938	0.0668957
0.1	0.0395469	1.44974	0.0669105
0.1	0.0395615	1.45009	0.0669252
0.1	0.0395762	1.45045	0.0669399
0.1	0.0395908	1.4508	0.0669546
0.1	0.0396054	1.45115	0.0669693
0.1	0.0396201	1.45151	0.0669839
0.1	0.0396347	1.45186	0.0669986
0.1	0.0396493	1.45221	0.0670133
0.1	0.0396639	1.45257	0.0670279
0.1	0.0396785	1.45292	0.0670426
0.1	0.0396932	1.45327	0.0670572
0.1	0.0397078	1.45363	0.0670718
0.1	0.0397224	1.45398	0.0670864
0.1	0.0397369	1.45433	0.067101
0.1	0.0397515	1.45469	0.0671156
0.1	0.0397661	1.45504	0.0671302
0.1	0.0397807	1.45539	0.0671448
0.1	0.0397953	1.45574	0.0671593
0.1	0.0398098	1.45609	0.0671739
0.1	0.0398244	1.45645	0.0671884
0.1	0.039839	1.4568	0.067203
0.1	0.0398535	1.45715	0.0672175
0.1	0.0398681	1.4575	0.067232
0.1	0.0398826	1.45785	0.0672465
0.1	0.0398971	1.4582	0.067261
0.1	0.0399117	1.45855	0.0672755
0.1	0.0399262	1.4589	0.06729
0.1	0.0399407	1.45925	0.0673044
0.1	0.0399552	1.4596	0.0673189
0.1	0.0399698	1.45995	0.0673333
0.1	0.0399843	1.4603	0.0673478
0.1	0.0399988	1.46065	0.0673622
0.1	0.0400133	1.461	0.0673766
0.1	0.0400278	1.46135	0.067391
0.1	0.0400422	1.4617	0.0674054
0.1	0.0400567	1.46205	0.0674198
0.1	0.0400712	1.4624	0.0674342
0.1	0.0400857	1.46275	0.0674486
0.1	0.0401002	1.4631	0.0674629
0.1	0.0401146	1.46345	0.0674773
0.1	0.0401291	1.46379	0.0674916
0.1	0.0401435	1.46414	0.067506
0.1	0.040158	1.46449	0.0675203
0.1	0.0401724	1.46484	0.0675346
0.1	0.0401869	1.46519	0.0675489
0.1	0.0402013	1.46553	0.0675632
0.1	0.0402157	1.46588	0.0675775
0.1	0.0402301	1.46623	0.0675918
0.1	0.0402446	1.46657	0.0676061
0.1	0.040259	1.46692	0.0676203
0.1	0.0402734	1.46727	0.0676346
0.1	0.0402878	1.46761	0.0676488
0.1	0.0403022	1.46796	0.067663
0.1	0.0403166	1.46831	0.0676773
0.1	0.040331	1.46865	0.0676915
0.1	0.0403454	1.469	0.0677057
0.1	0.0403597	1.46934	0.0677199
0.1	0.0403741	1.46969	0.0677341
0.1	0.0403885	1.47004	0.0677482
0.1	0.0404028	1.47038	0.0677624
0.1	0.0404172	1.47073	0.0677766
0.1	0.0404316	1.47107	0.0677907
0.1	0.0404459	1.47142	0.0678049
0.1	0.0404602	1.47176	0.067819
0.1	0.0404746	1.4721	0.0678331
0.1	0.0404889	1.47245	0.0678472
0.1	0.0405033	1.47279	0.0678613
0.1	0.0405176	1.47314	0.0678754
0.1	0.0405319	1.47348	0.0678895
0.1	0.0405462	1.47382	0.0679036
0.1	0.0405605	1.47417	0.0679177
0.1	0.0405748	1.47451	0.0679317
0.1	0.0405891	1.47485	0.0679458
0.1	0.0406034	1.4752	0.0679598
0.1	0.0406177	1.47554	0.0679738
0.1	0.040632	1.47588	0.0679879
0.1	0.0406463	1.47623	0.0680019
0.1	0.0406606	1.47657	0.0680159
0.1	0.0406748	1.47691	0.0680299
0.1	0.0406891	1.47725	0.0680439
0.1	0.0407034	1.47759	0.0680578
0.1	0.0407176	1.47794	0.0680718
0.1	0.0407319	1.47828	0.0680858
0.1	0.0407461	1.47862	0.0680997
0.1	0.0407603	1.47896	0.0681136
0.1	0.0407746	1.4793	0.0681276
0.1	0.0407888	1.47964	0.0681415
0.1	0.040803	1.47998	0.0681554
0.1	0.0408173	1.48032	0.0681693
0.1	0.0408315	1.48066	0.0681832
0.1	0.0408457	1.48101	0.0681971
0.1	0.0408599	1.48135	0.068211
0.1	0.0408741	1.48169	0.0682248
0.1	0.0408883	1.48203	0.0682387
0.1	0.0409025	1.48237	0.0682526
0.1	0.0409167	1.4827	0.0682664
0.1	0.0409309	1.48304	0.0682802
0.1	0.040945	1.48338	0.0682941
0.1	0.0409592	1.48372	0.0683079
0.1	0.0409734	1.48406	0.0683217
0.1	0.0409875	1.4844	0.0683355
0.1	0.0410017	1.48474	0.0683493
0.1	0.0410159	1.48508	0.068363
0.1	0.04103	1.48542	0.0683768
0.1	0.0410441	1.48575	0.0683906
0.1	0.0410583	1.48609	0.0684043
0.1	0.0410724	1.48643	0.0684181
0.1	0.0410865	1.48677	0.0684318
0.1	0.0411007	1.48711	0.0684455
0.1	0.0411148	1.48744	0.0684592
0.1	0.0411289	1.48778	0.068473
0.1	0.041143	1.48812	0.0684867
0.1	0.0411571	1.48845	0.0685003
0.1	0.0411712	1.48879	0.068514
0.1	0.0411853	1.48913	0.0685277
0.1	0.0411994	1.48946	0.0685414
0.1	0.0412135	1.4898	0.068555
0.1	0.0412276	1.49014	0.0685687
0.1	0.0412416	1.49047	0.0685823
0.1	0.0412557	1.49081	0.0685959
0.1	0.0412698	1.49114	0.0686096
0.1	0.0412838	1.49148	0.0686232
0.1	0.0412979	1.49181	0.0686368
0.1	0.0413119	1.49215	0.0686504
0.1	0.041326	1.49249	0.068664
0.1	0.04134	1.49282	0.0686775
0.1	0.0413541	1.49315	0.0686911
0.1	0.0413681	1.49349	0.0687047
0.1	0.0413821	1.49382	0.0687182
0.1	0.0413962	1.49416	0.0687318
0.1	0.0414102	1.49449	0.0687453
0.1	0.0414242	1.49483	0.0687588
0.1	0.0414382	1.49516	0.0687723
0.1	0.0414522	1.49549	0.0687858
0.1	0.0414662	1.49583	0.0687993
0.1	0.0414802	1.49616	0.0688128
0.1	0.0414942	1.49649	0.0688263
0.1	0.0415082	1.49683	0.0688398
0.1	0.0415221	1.49716	0.0688532
0.1	0.0415361	1.49749	0.0688667
0.1	0.0415501	1.49783	0.0688801
0.1	0.041564	1.49816	0.0688936
0.1	0.041578	1.49849	0.068907
0.1	0.041592	1.49882	0.0689204
0.1	0.0416059	1.49915	0.0689339
0.1	0.0416198	1.49949	0.0689473
0.1	0.0416338	1.49982	0.0689607
0.1	0.0416477	1.50015	0.068974
0.1	0.0416617	1.50048	0.0689874
0.1	0.0416756	1.50081	0.0690008
0.1	0.0416895	1.50114	0.0690141
0.1	0.0417034	1.50148	0.0690275
0.1	0.0417173	1.50181	0.0690408
0.1	0.0417312	1.50214	0.0690542
0.1	0.0417451	1.50247	0.0690675
0.1	0.041759	1.5028	0.0690808
0.1	0.0417729	1.50313	0.0690941
0.1	0.0417868	1.50346	0.0691074
0.1	0.0418007	1.50379	0.0691207
0.1	0.0418146	1.50412	0.069134
0.1	0.0418284	1.50445	0.0691473
0.1	0.0418423	1.50478	0.0691606
0.1	0.0418562	1.50511	0.0691738
0.1	0.04187	1.50544	0.0691871
0.1	0.0418839	1.50576	0.0692003
0.1	0.0418977	1.50609	0.0692136
0.1	0.0419116	1.50642	0.0692268
0.1	0.0419254	1.50675	0.06924
0.1	0.0419392	1.50708	0.0692532
0.1	0.0419531	1.50741	0.0692664
0.1	0.0419669	1.50774	0.0692796
0.1	0.0419807	1.50806	0.0692928
0.1	0.0419945	1.50839	0.069306
0.1	0.0420083	1.50872	0.0693191
0.1	0.0420222	1.50905	0.0693323
0.1	0.042036	1.50937	0.0693454
0.1	0.0420497	1.5097	0.0693586
0.1	0.0420635	1.51003	0.0693717
0.1	0.0420773	1.51036	0.0693848
0.1	0.0420911	1.51068	0.069398
0.1	0.0421049	1.51101	0.0694111
0.1	0.0421187	1.51134	0.0694242
0.1	0.0421324	1.51166	0.0694373
0.1	0.0421462	1.51199	0.0694504
0.1	0.0421599	1.51231	0.0694634
0.1	0.0421737	1.51264	0.0694765
0.1	0.0421874	1.51297	0.0694896
0.1	0.0422012	1.51329	0.0695026
0.1	0.0422149	1.51362	0.0695156
0.1	0.0422287	1.51394	0.0695287
0.1	0.0422424	1.51427	0.0695417
0.1	0.0422561	1.51459	0.0695547
0.1	0.0422698	1.51492	0.0695677
0.1	0.0422835	1.51524	0.0695807
0.1	0.0422973	1.51557	0.0695937
0.1	0.042311	1.51589	0.0696067
0.1	0.0423247	1.51621	0.0696197
0.1	0.0423384	1.51654	0.0696327
0.1	0.0423521	1.51686	0.0696456
0.1	0.0423657	1.51719	0.0696586
0.1	0.0423794	1.51751	0.0696715
0.1	0.0423931	1.51783	0.0696845
0.1	0.0424068	1.51816	0.0696974
0.1	0.0424204	1.51848	0.0697103
0.1	0.0424341	1.5188	0.0697232
0.1	0.0424478	1.51913	0.0697361
0.1	0.0424614	1.51945	0.069749
0.1	0.0424751	1.51977	0.0697619
0.1	0.0424887	1.52009	0.0697748
0.1	0.0425023	1.52042	0.0697877
0.1	0.042516	1.52074	0.0698005
0.1	0.0425296	1.52106	0.0698134
0.1	0.0425432	1.52138	0.0698262
0.1	0.0425569	1.52171	0.0698391
0.1	0.0425705	1.52203	0.0698519
0.1	0.0425841	1.52235	0.0698647
0.1	0.0425977	1.52267	0.0698775
0.1	0.0426113	1.52299	0.0698903
0.1	0.0426249	1.52331	0.0699031
0.1	0.0426385	1.52363	0.0699159
0.1	0.0426521	1.52395	0.0699287
0.1	0.0426656	1.52427	0.0699415
0.1	0.0426792	1.5246	0.0699543
0.1	0.0426928	1.52492	0.069967
0.1	0.0427064	1.52524	0.0699798
0.1	0.0427199	1.52556	0.0699925
0.1	0.0427335	1.52588	0.0700052
0.1	0.042747	1.5262	0.070018
0.1	0.0427606	1.52652	0.0700307
0.1	0.0427741	1.52683	0.0700434
0.1	0.0427877	1.52715	0.0700561
0.1	0.0428012	1.52747	0.0700688
0.1	0.0428147	1.52779	0.0700815
0.1	0.0428283	1.52811	0.0700942
0.1	0.0428418	1.52843	0.0701068
0.1	0.0428553	1.52875	0.0701195
0.1	0.0428688	1.52907	0.0701322
0.1	0.0428823	1.52939	0.0701448
0.1	0.0428958	1.5297	0.0701574
0.1	0.0429093	1.53002	0.0701701
0.1	0.0429228	1.53034	0.0701827
0.1	0.0429363	1.53066	0.0701953
0.1	0.0429498	1.53097	0.0702079
0.1	0.0429633	1.53129	0.0702205
0.1	0.0429767	1.53161	0.0702331
0.1	0.0429902	1.53193	0.0702457
0.1	0.0430037	1.53224	0.0702583
0.1	0.0430171	1.53256	0.0702708
0.1	0.0430306	1.53288	0.0702834
0.1	0.043044	1.53319	0.070296
0.1	0.0430575	1.53351	0.0703085
0.1	0.0430709	1.53383	0.070321
0.1	0.0430844	1.53414	0.0703336
0.1	0.0430978	1.53446	0.0703461
0.1	0.0431112	1.53478	0.0703586
0.1	0.0431247	1.53509	0.0703711
0.1	0.0431381	1.53541	0.0703836
0.1	0.0431515	1.53572	0.0703961
0.1	0.0431649	1.53604	0.0704086
0.1	0.0431783	1.53635	0.070421
0.1	0.0431917	1.53667	0.0704335
0.1	0.0432051	1.53698	0.070446
0.1	0.0432185	1.5373	0.0704584
0.1	0.0432319	1.53761	0.0704709
0.1	0.0432452	1.53793	0.0704833
0.1	0.0432586	1.53824	0.0704957
0.1	0.043272	1.53855	0.0705082
0.1	0.0432854	1.53887	0.0705206
0.1	0.0432987	1.53918	0.070533
0.1	0.0433121	1.5395	0.0705454
0.1	0.0433254	1.53981	0.0705578
0.1	0.0433388	1.54012	0.0705701
0.1	0.0433521	1.54044	0.0705825
0.1	0.0433655	1.54075	0.0705949
0.1	0.0433788	1.54106	0.0706072
0.1	0.0433921	1.54138	0.0706196
0.1	0.0434055	1.54169	0.0706319
0.1	0.0434188	1.542	0.0706443
0.1	0.0434321	1.54231	0.0706566
0.1	0.0434454	1.54263	0.0706689
0.1	0.0434587	1.54294	0.0706812
0.1	0.043472	1.54325	0.0706935
0.1	0.0434853	1.54356	0.0707058
0.1	0.0434986	1.54387	0.0707181
0.1	0.0435119	1.54419	0.0707304
0.1	0.0435252	1.5445	0.0707427
0.1	0.0435385	1.54481	0.070755
0.1	0.0435517	1.54512	0.0707672
0.1	0.043565	1.54543	0.0707795
0.1	0.0435783	1.54574	0.0707917
0.1	0.0435915	1.54605	0.0708039
0.1	0.0436048	1.54636	0.0708162
0.1	0.043618	1.54668	0.0708284
0.1	0.0436313	1.54699	0.0708406
0.1	0.0436445	1.5473	0.0708528
0.1	0.0436578	1.54761	0.070865
0.1	0.043671	1.54792	0.0708772
0.1	0.0436842	1.54823	0.0708894
0.1	0.0436975	1.54854	0.0709016
0.1	0.0437107	1.54885	0.0709137
0.1	0.0437239	1.54915	0.0709259
0.1	0.0437371	1.54946	0.0709381
0.1	0.0437503	1.54977	0.0709502
0.1	0.0437635	1.55008	0.0709623
0.1	0.0437767	1.55039	0.0709745
0.1	0.0437899	1.5507	0.0709866
0.1	0.0438031	1.55101	0.0709987
0.1	0.0438163	1.55132	0.0710108
0.1	0.0438294	1.55163	0.0710229
0.1	0.0438426	1.55193	0.071035
0.1	0.0438558	1.55224	0.0710471
0.1	0.043869	1.55255	0.0710592
0.1	0.0438821	1.55286	0.0710713
0.1	0.0438953	1.55317	0.0710833
0.1	0.0439084	1.55347	0.0710954
0.1	0.0439216	1.55378	0.0711074
0.1	0.0439347	1.55409	0.0711195
0.1	0.0439478	1.55439	0.0711315
0.1	0.043961	1.5547	0.0711435
0.1	0.0439741	1.55501	0.0711556
0.1	0.0439872	1.55531	0.0711676
0.1	0.0440004	1.55562	0.0711796
0.1	0.0440135	1.55593	0.0711916
0.1	0.0440266	1.55623	0.0712036
0.1	0.0440397	1.55654	0.0712156
0.1	0.0440528	1.55685	0.0712275
0.1	0.0440659	1.55715	0.0712395
0.1	0.044079	1.55746	0.0712515
0.1	0.0440921	1.55776	0.0712634
0.1	0.0441051	1.55807	0.0712754
0.1	0.0441182	1.55837	0.0712873
0.1	0.0441313	1.55868	0.0712992
0.1	0.0441444	1.55898	0.0713112
0.1	0.0441574	1.55929	0.0713231
0.1	0.0441705	1.55959	0.071335
0.1	0.0441835	1.5599	0.0713469
0.1	0.0441966	1.5602	0.0713588
0.1	0.0442096	1.56051	0.0713707
0.1	0.0442227	1.56081	0.0713826
0.1	0.0442357	1.56112	0.0713944
0.1	0.0442487	1.56142	0.0714063
0.1	0.0442618	1.56172	0.0714182
0.1	0.0442748	1.56203	0.07143
0.1	0.0442878	1.56233	0.0714418
0.1	0.0443008	1.56264	0.0714537
0.1	0.0443138	1.56294	0.0714655
0.1	0.0443268	1.56324	0.0714773
0.1	0.0443398	1.56354	0.0714892
0.1	0.0443528	1.56385	0.071501
0.1	0.0443658	1.56415	0.0715128
0.1	0.0443788	1.56445	0.0715246
0.1	0.0443918	1.56476	0.0715363
0.1	0.0444048	1.56506	0.0715481
0.1	0.0444178	1.56536	0.0715599
0.1	0.0444307	1.56566	0.0715717
0.1	0.0444437	1.56596	0.0715834
0.1	0.0444567	1.56627	0.0715952
0.1	0.0444696	1.56657	0.0716069
0.1	0.0444826	1.56687	0.0716187
0.1	0.0444955	1.56717	0.0716304
0.1	0.0445085	1.56747	0.0716421
0.1	0.0445214	1.56777	0.0716538
0.1	0.0445343	1.56807	0.0716655
0.1	0.0445473	1.56838	0.0716772
0.1	0.0445602	1.56868	0.0716889
0.1	0.0445731	1.56898	0.0717006
0.1	0.044586	1.56928	0.0717123
0.1	0.0445989	1.56958	0.071724
0.1	0.0446118	1.56988	0.0717356
0.1	0.0446247	1.57018	0.0717473
0.1	0.0446376	1.57048	0.0717589
0.1	0.0446505	1.57078	0.0717706
0.1	0.0446634	1.57108	0.0717822
0.1	0.0446763	1.57138	0.0717939
0.1	0.0446892	1.57168	0.0718055
0.1	0.0447021	1.57198	0.0718171
0.1	0.0447149	1.57227	0.0718287
0.1	0.0447278	1.57257	0.0718403
0.1	0.0447406	1.57287	0.0718519
0.1	0.0447535	1.57317	0.0718635
0.1	0.0447664	1.57347	0.0718751
0.1	0.0447792	1.57377	0.0718866
0.1	0.0447921	1.57407	0.0718982
0.1	0.0448049	1.57437	0.0719098
0.1	0.0448177	1.57466	0.0719213
0.1	0.0448306	1.57496	0.0719329
0.1	0.0448434	1.57526	0.0719444
0.1	0.0448562	1.57556	0.0719559
0.1	0.044869	1.57585	0.0719675
0.1	0.0448818	1.57615	0.071979
0.1	0.0448946	1.57645	0.0719905
0.1	0.0449074	1.57675	0.072002
0.1	0.0449202	1.57704	0.0720135
0.1	0.044933	1.57734	0.072025
0.1	0.0449458	1.57764	0.0720365
0.1	0.0449586	1.57793	0.072048
0.1	0.0449714	1.57823	0.0720594
0.1	0.0449842	1.57853	0.0720709
0.1	0.0449969	1.57882	0.0720823
0.1	0.0450097	1.57912	0.0720938
0.1	0.0450225	1.57942	0.0721052
0.1	0.0450352	1.57971	0.0721167
0.1	0.045048	1.58001	0.0721281
0.1	0.0450607	1.5803	0.0721395
0.1	0.0450735	1.5806	0.0721509
0.1	0.0450862	1.58089	0.0721623
0.1	0.045099	1.58119	0.0721737
0.1	0.0451117	1.58148	0.0721851
0.1	0.0451244	1.58178	0.0721965
0.1	0.0451372	1.58207	0.0722079
0.1	0.0451499	1.58237	0.0722193
0.1	0.0451626	1.58266	0.0722306
0.1	0.0451753	1.58296	0.072242
0.1	0.045188	1.58325	0.0722533
0.1	0.0452007	1.58355	0.0722647
0.1	0.0452134	1.58384	0.072276
0.1	0.0452261	1.58413	0.0722874
0.1	0.0452388	1.58443	0.0722987
0.1	0.0452515	1.58472	0.07231
0.1	0.0452642	1.58502	0.0723213
0.1	0.0452768	1.58531	0.0723326
0.1	0.0452895	1.5856	0.0723439
0.1	0.0453022	1.5859	0.0723552
0.1	0.0453148	1.58619	0.0723665
0.1	0.0453275	1.58648	0.0723778
0.1	0.0453401	1.58677	0.0723891
0.1	0.0453528	1.58707	0.0724003
0.1	0.0453654	1.58736	0.0724116
0.1	0.0453781	1.58765	0.0724228
0.1	0.0453907	1.58794	0.0724341
0.1	0.0454033	1.58824	0.0724453
0.1	0.045416	1.58853	0.0724565
0.1	0.0454286	1.58882	0.0724678
0.1	0.0454412	1.58911	0.072479
0.1	0.0454538	1.5894	0.0724902
0.1	0.0454664	1.5897	0.0725014
0.1	0.045479	1.58999	0.0725126
0.1	0.0454916	1.59028	0.0725238
0.1	0.0455042	1.59057	0.072535
0.1	0.0455168	1.59086	0.0725461
0.1	0.0455294	1.59115	0.0725573
0.1	0.045542	1.59144	0.0725685
0.1	0.0455546	1.59173	0.0725796
0.1	0.0455672	1.59202	0.0725908
0.1	0.0455797	1.59231	0.0726019
0.1	0.0455923	1.5926	0.0726131
0.1	0.0456049	1.59289	0.0726242
0.1	0.0456174	1.59318	0.0726353
0.1	0.04563	1.59347	0.0726464
0.1	0.0456425	1.59376	0.0726575
0.1	0.0456551	1.59405	0.0726686
0.1	0.0456676	1.59434	0.0726797
0.1	0.0456801	1.59463	0.0726908
0.1	0.0456927	1.59492	0.0727019
0.1	0.0457052	1.59521	0.072713
0.1	0.0457177	1.5955	0.0727241
0.1	0.0457302	1.59579	0.0727351
0.1	0.0457427	1.59608	0.0727462
0.1	0.0457553	1.59636	0.0727572
0.1	0.0457678	1.59665	0.0727683
0.1	0.0457803	1.59694	0.0727793
0.1	0.0457928	1.59723	0.0727904
0.1	0.0458052	1.59752	0.0728014
0.1	0.0458177	1.59781	0.0728124
0.1	0.0458302	1.59809	0.0728234
0.1	0.0458427	1.59838	0.0728344
0.1	0.0458552	1.59867	0.0728454
0.1	0.0458676	1.59896	0.0728564
0.1	0.0458801	1.59924	0.0728674
0.1	0.0458926	1.59953	0.0728784
0.1	0.045905	1.59982	0.0728893
0.1	0.0459175	1.60011	0.0729003
0.1	0.0459299	1.60039	0.0729113
0.1	0.0459424	1.60068	0.0729222
0.1	0.0459548	1.60097	0.0729332
0.1	0.0459673	1.60125	0.0729441
0.1	0.0459797	1.60154	0.072955
0.1	0.0459921	1.60182	0.072966
0.1	0.0460045	1.60211	0.0729769
0.1	0.046017	1.6024	0.0729878
0.1	0.0460294	1.60268	0.0729987
0.1	0.0460418	1.60297	0.0730096
0.1	0.0460542	1.60325	0.0730205
0.1	0.0460666	1.60354	0.0730314
0.1	0.046079	1.60382	0.0730423
0.1	0.0460914	1.60411	0.0730531
0.1	0.0461038	1.60439	0.073064
0.1	0.0461161	1.60468	0.0730749
0.1	0.0461285	1.60496	0.0730857
0.1	0.0461409	1.60525	0.0730966
0.1	0.0461533	1.60553	0.0731074
0.1	0.0461656	1.60582	0.0731183
0.1	0.046178	1.6061	0.0731291
0.1	0.0461904	1.60639	0.0731399
0.1	0.0462027	1.60667	0.0731507
0.1	0.0462151	1.60695	0.0731615
0.1	0.0462274	1.60724	0.0731723
0.1	0.0462398	1.60752	0.0731831
0.1	0.0462521	1.60781	0.0731939
0.1	0.0462644	1.60809	0.0732047
0.1	0.0462768	1.60837	0.0732155
0.1	0.0462891	1.60866	0.0732263
0.1	0.0463014	1.60894	0.073237
0.1	0.0463137	1.60922	0.0732478
0.1	0.046326	1.60951	0.0732586
0.1	0.0463383	1.60979	0.0732693
0.1	0.0463506	1.61007	0.07328
0.1	0.0463629	1.61035	0.0732908
0.1	0.0463752	1.61064	0.0733015
0.1	0.0463875	1.61092	0.0733122
0.1	0.0463998	1.6112	0.0733229
0.1	0.0464121	1.61148	0.0733337
0.1	0.0464244	1.61176	0.0733444
0.1	0.0464366	1.61205	0.0733551
0.1	0.0464489	1.61233	0.0733657
0.1	0.0464612	1.61261	0.0733764
0.1	0.0464734	1.61289	0.0733871
0.1	0.0464857	1.61317	0.0733978
0.1	0.0464979	1.61345	0.0734084
0.1	0.0465102	1.61373	0.0734191
0.1	0.0465224	1.61401	0.0734298
0.1	0.0465347	1.6143	0.0734404
0.1	0.0465469	1.61458	0.073451
0.1	0.0465591	1.61486	0.0734617
0.1	0.0465714	1.61514	0.0734723
0.1	0.0465836	1.61542	0.0734829
0.1	0.0465958	1.6157	0.0734935
0.1	0.046608	1.61598	0.0735042
0.1	0.0466202	1.61626	0.0735148
0.1	0.0466324	1.61654	0.0735254
0.1	0.0466446	1.61682	0.0735359
0.1	0.0466568	1.6171	0.0735465
0.1	0.046669	1.61738	0.0735571
0.1	0.0466812	1.61766	0.0735677
0.1	0.0466934	1.61793	0.0735783
0.1	0.0467056	1.61821	0.0735888
0.1	0.0467178	1.61849	0.0735994
0.1	0.0467299	1.61877	0.0736099
0.1	0.0467421	1.61905	0.0736205
0.1	0.0467543	1.61933	0.073631
0.1	0.0467664	1.61961	0.0736415
0.1	0.0467786	1.61989	0.073652
0.1	0.0467907	1.62016	0.0736626
0.1	0.0468029	1.62044	0.0736731
0.1	0.046815	1.62072	0.0736836
0.1	0.0468271	1.621	0.0736941
0.1	0.0468393	1.62128	0.0737046
0.1	0.0468514	1.62155	0.073715
0.1	0.0468635	1.62183	0.0737255
0.1	0.0468757	1.62211	0.073736
0.1	0.0468878	1.62239	0.0737465
0.1	0.0468999	1.62266	0.0737569
0.1	0.046912	1.62294	0.0737674
0.1	0.0469241	1.62322	0.0737778
0.1	0.0469362	1.62349	0.0737883
0.1	0.0469483	1.62377	0.0737987
0.1	0.0469604	1.62405	0.0738091
0.1	0.0469725	1.62432	0.0738196
0.1	0.0469846	1.6246	0.07383
0.1	0.0469966	1.62488	0.0738404
0.1	0.0470087	1.62515	0.0738508
0.1	0.0470208	1.62543	0.0738612
0.1	0.0470329	1.6257	0.0738716
0.1	0.0470449	1.62598	0.073882
0.1	0.047057	1.62626	0.0738924
0.1	0.047069	1.62653	0.0739028
0.1	0.0470811	1.62681	0.0739131
0.1	0.0470931	1.62708	0.0739235
0.1	0.0471052	1.62736	0.0739338
0.1	0.0471172	1.62763	0.0739442
0.1	0.0471292	1.62791	0.0739545
0.1	0.0471413	1.62818	0.0739649
0.1	0.0471533	1.62846	0.0739752
0.1	0.0471653	1.62873	0.0739856
0.1	0.0471773	1.62901	0.0739959
0.1	0.0471893	1.62928	0.0740062
0.1	0.0472014	1.62955	0.0740165
0.1	0.0472134	1.62983	0.0740268
0.1	0.0472254	1.6301	0.0740371
0.1	0.0472374	1.63038	0.0740474
0.1	0.0472493	1.63065	0.0740577
0.1	0.0472613	1.63092	0.074068
0.1	0.0472733	1.6312	0.0740782
0.1	0.0472853	1.63147	0.0740885
0.1	0.0472973	1.63174	0.0740988
0.1	0.0473092	1.63202	0.074109
0.1	0.0473212	1.63229	0.0741193
0.1	0.0473332	1.63256	0.0741295
0.1	0.0473451	1.63284	0.0741398
0.1	0.0473571	1.63311	0.07415
0.1	0.047369	1.63338	0.0741602
0.1	0.047381	1.63365	0.0741704
0.1	0.0473929	1.63393	0.0741807
0.1	0.0474049	1.6342	0.0741909
0.1	0.0474168	1.63447	0.0742011
0.1	0.0474287	1.63474	0.0742113
0.1	0.0474407	1.63501	0.0742215
0.1	0.0474526	1.63529	0.0742317
0.1	0.0474645	1.63556	0.0742418
0.1	0.0474764	1.63583	0.074252
0.1	0.0474883	1.6361	0.0742622
0.1	0.0475002	1.63637	0.0742723
0.1	0.0475121	1.63664	0.0742825
0.1	0.047524	1.63691	0.0742926
0.1	0.0475359	1.63718	0.0743028
0.1	0.0475478	1.63746	0.0743129
0.1	0.0475597	1.63773	0.0743231
0.1	0.0475716	1.638	0.0743332
0.1	0.0475834	1.63827	0.0743433
0.1	0.0475953	1.63854	0.0743534
0.1	0.0476072	1.63881	0.0743635
0.1	0.0476191	1.63908	0.0743736
0.1	0.0476309	1.63935	0.0743837
0.1	0.0476428	1.63962	0.0743938
0.1	0.0476546	1.63989	0.0744039
0.1	0.0476665	1.64016	0.074414
0.1	0.0476783	1.64043	0.0744241
0.1	0.0476902	1.6407	0.0744341
0.1	0.047702	1.64097	0.0744442
0.1	0.0477138	1.64124	0.0744543
0.1	0.0477257	1.6415	0.0744643
0.1	0.0477375	1.64177	0.0744744
0.1	0.0477493	1.64204	0.0744844
0.1	0.0477611	1.64231	0.0744944
0.1	0.0477729	1.64258	0.0745045
0.1	0.0477847	1.64285	0.0745145
0.1	0.0477965	1.64312	0.0745245
0.1	0.0478083	1.64339	0.0745345
0.1	0.0478201	1.64365	0.0745445
0.1	0.0478319	1.64392	0.0745545
0.1	0.0478437	1.64419	0.0745645
0.1	0.0478555	1.64446	0.0745745
0.1	0.0478673	1.64472	0.0745845
0.1	0.047879	1.64499	0.0745945
0.1	0.0478908	1.64526	0.0746044
0.1	0.0479026	1.64553	0.0746144
0.1	0.0479143	1.64579	0.0746244
0.1	0.0479261	1.64606	0.0746343
0.1	0.0479379	1.64633	0.0746443
0.1	0.0479496	1.6466	0.0746542
0.1	0.0479613	1.64686	0.0746642
0.1	0.0479731	1.64713	0.0746741
0.1	0.0479848	1.6474	0.074684
0.1	0.0479966	1.64766	0.0746939
0.1	0.0480083	1.64793	0.0747038
0.1	0.04802	1.6482	0.0747138
0.1	0.0480317	1.64846	0.0747237
0.1	0.0480435	1.64873	0.0747336
0.1	0.0480552	1.64899	0.0747435
0.1	0.0480669	1.64926	0.0747533
0.1	0.0480786	1.64952	0.0747632
0.1	0.0480903	1.64979	0.0747731
0.1	0.048102	1.65006	0.074783
0.1	0.0481137	1.65032	0.0747928
0.1	0.0481254	1.65059	0.0748027
0.1	0.0481371	1.65085	0.0748125
0.1	0.0481487	1.65112	0.0748224
0.1	0.0481604	1.65138	0.0748322
0.1	0.0481721	1.65165	0.0748421
0.1	0.0481838	1.65191	0.0748519
0.1	0.0481954	1.65218	0.0748617
0.1	0.0482071	1.65244	0.0748715
0.1	0.0482188	1.6527	0.0748814
0.1	0.0482304	1.65297	0.0748912
0.1	0.0482421	1.65323	0.074901
0.1	0.0482537	1.6535	0.0749108
0.1	0.0482653	1.65376	0.0749206
0.1	0.048277	1.65402	0.0749303
0.1	0.0482886	1.65429	0.0749401
0.1	0.0483002	1.65455	0.0749499
0.1	0.0483119	1.65482	0.0749597
0.1	0.0483235	1.65508	0.0749694
0.1	0.0483351	1.65534	0.0749792
0.1	0.0483467	1.65561	0.0749889
0.1	0.0483583	1.65587	0.0749987
0.1	0.0483699	1.65613	0.0750084
0.1	0.0483815	1.65639	0.0750182
0.1	0.0483931	1.65666	0.0750279
0.1	0.0484047	1.65692	0.0750376
0.1	0.0484163	1.65718	0.0750473
0.1	0.0484279	1.65744	0.0750571
0.1	0.0484395	1.65771	0.0750668
0.1	0.0484511	1.65797	0.0750765
0.1	0.0484626	1.65823	0.0750862
0.1	0.0484742	1.65849	0.0750959
0.1	0.0484858	1.65875	0.0751055
0.1	0.0484973	1.65902	0.0751152
0.1	0.0485089	1.65928	0.0751249
0.1	0.0485205	1.65954	0.0751346
0.1	0.048532	1.6598	0.0751442
0.1	0.0485435	1.66006	0.0751539
0.1	0.0485551	1.66032	0.0751635
0.1	0.0485666	1.66058	0.0751732
0.1	0.0485782	1.66084	0.0751828
0.1	0.0485897	1.66111	0.0751925
0.1	0.0486012	1.66137	0.0752021
0.1	0.0486127	1.66163	0.0752117
0.1	0.0486243	1.66189	0.0752214
0.1	0.0486358	1.66215	0.075231
0.1	0.0486473	1.66241	0.0752406
0.1	0.0486588	1.66267	0.0752502
0.1	0.0486703	1.66293	0.0752598
0.1	0.0486818	1.66319	0.0752694
0.1	0.0486933	1.66345	0.075279
0.1	0.0487048	1.66371	0.0752885
0.1	0.0487163	1.66397	0.0752981
0.1	0.0487277	1.66423	0.0753077
0.1	0.0487392	1.66449	0.0753173
0.1	0.0487507	1.66475	0.0753268
0.1	0.0487622	1.665	0.0753364
0.1	0.0487736	1.66526	0.0753459
0.1	0.0487851	1.66552	0.0753555
0.1	0.0487966	1.66578	0.075365
0.1	0.048808	1.66604	0.0753746
0.1	0.0488195	1.6663	0.0753841
0.1	0.0488309	1.66656	0.0753936
0.1	0.0488424	1.66682	0.0754031
0.1	0.0488538	1.66707	0.0754126
0.1	0.0488652	1.66733	0.0754221
0.1	0.0488767	1.66759	0.0754316
0.1	0.0488881	1.66785	0.0754411
0.1	0.0488995	1.66811	0.0754506
0.1	0.0489109	1.66836	0.0754601
0.1	0.0489224	1.66862	0.0754696
0.1	0.0489338	1.66888	0.0754791
0.1	0.0489452	1.66914	0.0754886
0.1	0.0489566	1.66939	0.075498
0.1	0.048968	1.66965	0.0755075
0.1	0.0489794	1.66991	0.0755169
0.1	0.0489908	1.67017	0.0755264
0.1	0.0490022	1.67042	0.0755358
0.1	0.0490135	1.67068	0.0755453
0.1	0.0490249	1.67094	0.0755547
0.1	0.0490363	1.67119	0.0755641
0.1	0.0490477	1.67145	0.0755736
0.1	0.049059	1.6717	0.075583
0.1	0.0490704	1.67196	0.0755924
0.1	0.0490818	1.67222	0.0756018
0.1	0.0490931	1.67247	0.0756112
0.1	0.0491045	1.67273	0.0756206
0.1	0.0491158	1.67299	0.07563
0.1	0.0491272	1.67324	0.0756394
0.1	0.0491385	1.6735	0.0756487
0.1	0.0491499	1.67375	0.0756581
0.1	0.0491612	1.67401	0.0756675
0.1	0.0491725	1.67426	0.0756769
0.1	0.0491838	1.67452	0.0756862
0.1	0.0491952	1.67477	0.0756956
0.1	0.0492065	1.67503	0.0757049
0.1	0.0492178	1.67528	0.0757143
0.1	0.0492291	1.67554	0.0757236
0.1	0.0492404	1.67579	0.0757329
0.1	0.0492517	1.67605	0.0757423
0.1	0.049263	1.6763	0.0757516
0.1	0.0492743	1.67656	0.0757609
0.1	0.0492856	1.67681	0.0757702
0.1	0.0492969	1.67706	0.0757795
0.1	0.0493082	1.67732	0.0757888
0.1	0.0493195	1.67757	0.0757981
0.1	0.0493307	1.67783	0.0758074
0.1	0.049342	1.67808	0.0758167
0.1	0.0493533	1.67833	0.075826
0.1	0.0493645	1.67859	0.0758353
0.1	0.0493758	1.67884	0.0758445
0.1	0.0493871	1.67909	0.0758538
0.1	0.0493983	1.67935	0.0758631
0.1	0.0494096	1.6796	0.0758723
0.1	0.0494208	1.67985	0.0758816
0.1	0.0494321	1.68011	0.0758908
0.1	0.0494433	1.68036	0.0759001
0.1	0.0494545	1.68061	0.0759093
0.1	0.0494658	1.68086	0.0759185
0.1	0.049477	1.68112	0.0759278
0.1	0.0494882	1.68137	0.075937
0.1	0.0494994	1.68162	0.0759462
0.1	0.0495106	1.68187	0.0759554
0.1	0.0495218	1.68212	0.0759646
0.1	0.0495331	1.68238	0.0759738
0.1	0.0495443	1.68263	0.075983
0.1	0.0495555	1.68288	0.0759922
0.1	0.0495667	1.68313	0.0760014
0.1	0.0495778	1.68338	0.0760106
0.1	0.049589	1.68363	0.0760197
0.1	0.0496002	1.68389	0.0760289
0.1	0.0496114	1.68414	0.0760381
0.1	0.0496226	1.68439	0.0760472
0.1	0.0496337	1.68464	0.0760564
0.1	0.0496449	1.68489	0.0760655
0.1	0.0496561	1.68514	0.0760747
0.1	0.0496672	1.68539	0.0760838
0.1	0.0496784	1.68564	0.0760929
0.1	0.0496896	1.68589	0.0761021
0.1	0.0497007	1.68614	0.0761112
0.1	0.0497118	1.68639	0.0761203
0.1	0.049723	1.68664	0.0761294
0.1	0.0497341	1.68689	0.0761385
0.1	0.0497453	1.68714	0.0761476
0.1	0.0497564	1.68739	0.0761567
0.1	0.0497675	1.68764	0.0761658
0.1	0.0497786	1.68789	0.0761749
0.1	0.0497898	1.68814	0.076184
0.1	0.0498009	1.68839	0.0761931
0.1	0.049812	1.68864	0.0762022
0.1	0.0498231	1.68889	0.0762112
0.1	0.0498342	1.68914	0.0762203
0.1	0.0498453	1.68939	0.0762294
0.1	0.0498564	1.68964	0.0762384
0.1	0.0498675	1.68989	0.0762475
0.1	0.0498786	1.69013	0.0762565
0.1	0.0498897	1.69038	0.0762655
0.1	0.0499007	1.69063	0.0762746
0.1	0.0499118	1.69088	0.0762836
0.1	0.0499229	1.69113	0.0762926
0.1	0.049934	1.69138	0.0763016
0.1	0.049945	1.69162	0.0763107
0.1	0.0499561	1.69187	0.0763197
0.1	0.0499672	1.69212	0.0763287
0.1	0.0499782	1.69237	0.0763377
0.1	0.0499893	1.69262	0.0763467
0.1	0.0500003	1.69286	0.0763557
0.1	0.0500114	1.69311	0.0763646
0.1	0.0500224	1.69336	0.0763736
0.1	0.0500334	1.6936	0.0763826
0.1	0.0500445	1.69385	0.0763916
0.1	0.0500555	1.6941	0.0764005
0.1	0.0500665	1.69435	0.0764095
0.1	0.0500775	1.69459	0.0764184
0.1	0.0500886	1.69484	0.0764274
0.1	0.0500996	1.69509	0.0764363
0.1	0.0501106	1.69533	0.0764453
0.1	0.0501216	1.69558	0.0764542
0.1	0.0501326	1.69583	0.0764631
0.1	0.0501436	1.69607	0.0764721
0.1	0.0501546	1.69632	0.076481
0.1	0.0501656	1.69656	0.0764899
0.1	0.0501766	1.69681	0.0764988
0.1	0.0501875	1.69706	0.0765077
0.1	0.0501985	1.6973	0.0765166
0.1	0.0502095	1.69755	0.0765255
0.1	0.0502205	1.69779	0.0765344
0.1	0.0502314	1.69804	0.0765433
0.1	0.0502424	1.69828	0.0765522
0.1	0.0502534	1.69853	0.0765611
0.1	0.0502643	1.69877	0.0765699
0.1	0.0502753	1.69902	0.0765788
0.1	0.0502862	1.69926	0.0765877
0.1	0.0502972	1.69951	0.0765965
0.1	0.0503081	1.69975	0.0766054
0.1	0.0503191	1.7	0.0766142
0.1	0.05033	1.70024	0.0766231
0.1	0.0503409	1.70049	0.0766319
0.1	0.0503519	1.70073	0.0766407
0.1	0.0503628	1.70098	0.0766496
0.1	0.0503737	1.70122	0.0766584
0.1	0.0503846	1.70146	0.0766672
0.1	0.0503955	1.70171	0.076676
0.1	0.0504064	1.70195	0.0766848
0.1	0.0504173	1.7022	0.0766936
0.1	0.0504283	1.70244	0.0767024
0.1	0.0504391	1.70268	0.0767112
0.1	0.05045	1.70293	0.07672
0.1	0.0504609	1.70317	0.0767288
0.1	0.0504718	1.70341	0.0767376
0.1	0.0504827	1.70366	0.0767464
0.1	0.0504936	1.7039	0.0767551
0.1	0.0505045	1.70414	0.0767639
0.1	0.0505153	1.70438	0.0767727
0.1	0.0505262	1.70463	0.0767814
0.1	0.0505371	1.70487	0.0767902
0.1	0.0505479	1.70511	0.0767989
0.1	0.0505588	1.70535	0.0768077
0.1	0.0505696	1.7056	0.0768164
0.1	0.0505805	1.70584	0.0768251
0.1	0.0505913	1.70608	0.0768339
0.1	0.0506022	1.70632	0.0768426
0.1	0.050613	1.70657	0.0768513
0.1	0.0506239	1.70681	0.07686
0.1	0.0506347	1.70705	0.0768687
0.1	0.0506455	1.70729	0.0768774
0.1	0.0506563	1.70753	0.0768861
0.1	0.0506672	1.70777	0.0768948
0.1	0.050678	1.70802	0.0769035
0.1	0.0506888	1.70826	0.0769122
0.1	0.0506996	1.7085	0.0769209
0.1	0.0507104	1.70874	0.0769296
