335900.461 758492.010 -1.0478782296048756 0.025 1723111319.9295259
335900.463 758492.006 -1.0496933720269497 0.044 1723111320.3553748
335900.505 758491.947 -1.0432531070870905 0.249 1723111320.7794507
335900.611 758491.802 -1.0136872295583066 0.718 1723111321.2045858
335900.794 758491.567 -1.0017142708896254 1.269 1723111321.6295323
335901.012 758491.293 -0.996041950820644 1.565 1723111322.0546377
335901.399 758490.800 -1.0000562081002309 1.908 1723111322.4798384
335901.789 758490.314 -0.983388313743685 2.003 1723111322.9046938
335902.176 758489.823 -1.0192199232871286 2.340 1723111323.3296127
335902.583 758489.241 -1.0308787226904506 2.669 1723111323.755061
335903.138 758488.560 -0.9591980503110435 2.916 1723111324.1798697
335903.827 758487.901 -0.8586496321036504 3.047 1723111324.604999
335904.527 758487.350 -0.8260294283838763 3.168 1723111325.0300806
335905.255 758486.786 -0.8277747576358706 3.228 1723111325.4549737
335906.083 758486.142 -0.8260468816763962 3.227 1723111325.8798487
335906.920 758485.485 -0.8487187086598025 3.366 1723111326.306026
335907.654 758484.842 -0.8932595111706978 3.486 1723111326.7305534
335908.369 758484.128 -0.9346063611504435 3.670 1723111327.1549318
335909.152 758483.267 -0.9588838910456846 3.694 1723111327.5802255
335909.939 758482.391 -0.9497209124727144 3.815 1723111328.0052512
335910.656 758481.594 -0.9538049829223811 3.804 1723111328.4301457
335911.373 758480.789 -0.9519200273302272 3.830 1723111328.85535
335912.155 758479.917 -0.9647831039174254 3.697 1723111329.2802067
335912.905 758479.022 -0.9998467685899916 3.722 1723111329.7054932
335913.524 758478.211 -1.0044893444002962 3.598 1723111330.1303058
335914.152 758477.404 -0.9933192371875327 3.709 1723111330.555801
335914.907 758476.475 -0.9928829048745342 3.720 1723111330.9806833
335915.608 758475.597 -0.9974905740997992 3.487 1723111331.4055662
335916.133 758474.934 -0.9977872800726382 2.645 1723111331.8304894
335916.478 758474.508 -0.9952565526572466 1.395 1723111332.2554176
335916.610 758474.346 -0.9779952463550226 0.223 1723111332.6807625
