335900.429 758491.942 -1.0355387517932755 0.009 1723176569.2399218
335900.433 758491.933 -1.0359576308137544 0.037 1723176569.6653001
335900.473 758491.876 -1.0334094501058424 0.437 1723176570.0904546
335900.604 758491.693 -1.0219775435052796 0.894 1723176570.5153248
335900.780 758491.458 -1.0173698742800146 1.112 1723176570.940971
335901.022 758491.131 -1.019359549627288 1.430 1723176571.3664412
335901.271 758490.791 -1.0299187916018537 1.584 1723176571.7904081
335901.584 758490.365 -1.0159037977083394 1.720 1723176572.216652
335901.897 758489.965 -0.988327595526829 1.828 1723176572.640676
335902.287 758489.506 -0.9663713535367404 1.947 1723176573.0658216
335902.673 758489.080 -0.9317614744696928 2.092 1723176573.4907942
335903.168 758488.604 -0.8738863564735608 2.214 1723176573.9166658
335903.663 758488.197 -0.8213344926960116 2.333 1723176574.341313
335904.285 758487.736 -0.7952767269637362 2.483 1723176574.765728
335904.866 758487.324 -0.8021707775091138 2.542 1723176575.1908462
335905.537 758486.827 -0.8212123196483719 2.671 1723176575.6168268
335906.154 758486.348 -0.8164999306679871 2.759 1723176576.0413344
335906.877 758485.810 -0.804841131264665 2.823 1723176576.4661214
335907.540 758485.316 -0.8129918188714788 2.913 1723176576.8921835
335908.288 758484.765 -0.7953814467188558 2.916 1723176577.3162339
335908.968 758484.289 -0.7850840041320892 2.848 1723176577.7414644
335909.757 758483.737 -0.7949625676983773 3.017 1723176578.166233
335910.475 758483.207 -0.822713302805087 3.213 1723176578.5913942
335911.301 758482.538 -0.8581434866205719 3.386 1723176579.0177677
335912.029 758481.898 -0.8850041038087646 3.438 1723176579.4413486
335912.830 758481.128 -0.9124057730650756 3.553 1723176579.866494
335913.523 758480.403 -0.9415876781584207 3.537 1723176580.2917135
335914.255 758479.593 -0.9515884147723483 3.489 1723176580.716331
335914.909 758478.859 -0.9567022294806917 3.546 1723176581.141776
335915.645 758478.026 -0.9659524745162616 3.486 1723176581.566671
335916.284 758477.280 -0.9697747455781293 3.566 1723176581.9918087
335917.006 758476.422 -0.9804561606003346 3.532 1723176582.4180627
335917.648 758475.644 -0.9801420013349755 3.513 1723176582.841544
335918.335 758474.828 -0.9856921483563176 3.463 1723176583.2664373
335918.950 758474.023 -1.0279465695471002 3.624 1723176583.6916478
335919.571 758473.117 -1.0491697732513512 3.422 1723176584.11649
335920.078 758472.349 -1.0731331438812335 3.198 1723176584.5417678
335920.569 758471.528 -1.0950544792862822 2.958 1723176584.966656
335920.952 758470.885 -1.0583676584093615 2.420 1723176585.392087
335921.306 758470.356 -1.0506882097005863 1.705 1723176585.816795
335921.512 758470.050 -1.0485414547206333 0.954 1723176586.2419655
335921.645 758469.856 -1.0429040412366914 0.672 1723176586.6669526
