335899.108 758493.016 -1.0426247885563726 0.020 1723180565.7533576
335899.114 758493.007 -1.041874296978015 0.261 1723180566.1790779
335899.137 758492.958 -1.0355212985007556 0.804 1723180566.6025531
335899.255 758492.761 -1.0208954393690433 1.151 1723180567.0274687
335899.431 758492.460 -1.022850208131277 1.653 1723180567.4529314
335899.768 758491.990 -1.0343693811944394 1.954 1723180567.877791
335900.120 758491.493 -1.0334792632759224 2.103 1723180568.303416
335900.475 758490.987 -1.0108597961700756 2.240 1723180568.7281585
335900.914 758490.403 -0.9857096016488375 2.328 1723180569.153753
335901.406 758489.802 -0.9451830564175292 2.375 1723180569.577835
335901.880 758489.295 -0.8982162462463618 2.372 1723180570.003306
335902.374 758488.798 -0.8524362599665505 2.457 1723180570.42812
335903.009 758488.281 -0.8112464896194843 2.523 1723180570.8533957
335903.648 758487.767 -0.8219977178117693 2.554 1723180571.2780905
335904.216 758487.299 -0.8188386718656595 2.512 1723180571.7033482
335904.822 758486.855 -0.8191702844235387 2.558 1723180572.1282094
335905.500 758486.328 -0.8141437361777949 2.654 1723180572.5531814
335906.184 758485.799 -0.8304800179764618 2.627 1723180572.9781926
335906.789 758485.305 -0.8426798694479022 2.758 1723180573.40323
335907.409 758484.785 -0.8500800654763581 2.930 1723180573.828318
335908.136 758484.156 -0.8665908802002245 3.176 1723180574.2533689
335908.894 758483.479 -0.8939576428714956 3.203 1723180574.678345
335909.552 758482.847 -0.9320407271500118 3.323 1723180575.103561
335910.209 758482.163 -0.957889053372048 3.424 1723180575.5285232
335910.925 758481.348 -0.9777334469672234 3.451 1723180575.9537423
335911.634 758480.495 -0.9961641238682835 3.497 1723180576.3795917
335912.251 758479.721 -1.004611517447936 3.549 1723180576.803971
335912.868 758478.934 -0.9866346261523946 3.516 1723180577.22889
335913.591 758478.055 -0.9638231728288286 3.508 1723180577.6536646
335914.336 758477.187 -0.965254342815464 3.615 1723180578.0787852
335915.022 758476.392 -0.9484293688262386 3.712 1723180578.5040555
335915.808 758475.513 -0.9456542953155677 3.585 1723180578.9289076
335916.496 758474.767 -0.9582555725149667 3.714 1723180579.3537233
335917.295 758473.867 -0.9645911176997062 3.586 1723180579.7787778
335917.948 758473.115 -0.995396178997406 3.219 1723180580.2037592
335918.576 758472.337 -1.0085210549724033 2.384 1723180580.6291978
335919.012 758471.806 -0.9825505557027278 1.472 1723180581.054345
335919.327 758471.468 -0.9760055710077491 0.604 1723180581.478975
335919.367 758471.450 -0.9764593566132675 0.340 1723180581.9040525
