335900.407 758491.990 -1.0398671683382217 0.022 1723113260.2628014
335900.416 758491.977 -1.039710088705542 0.058 1723113260.6878343
335900.554 758491.775 -1.0349278865550775 1.106 1723113261.112053
335900.786 758491.463 -1.0290112203908166 1.581 1723113261.5370436
335993.712 758360.376 -1.0158863444158195 0.000 1723113261.9620252
335901.448 758490.550 -1.0411761652772173 2.122 1723113262.3872771
335901.867 758489.973 -1.013268350537828 2.258 1723113262.8123488
335902.284 758489.458 -0.9881181560165897 2.412 1723113263.23818
335902.744 758488.935 -0.9427395954647371 2.492 1723113263.6626198
335903.340 758488.373 -0.8551589735996615 2.554 1723113264.0874252
335903.994 758487.871 -0.807040246122178 2.562 1723113264.512228
335904.603 758487.437 -0.7981390669370069 2.615 1723113264.93705
335905.222 758486.978 -0.8145102553207136 2.634 1723113265.3625503
335905.893 758486.476 -0.8189782982058191 2.603 1723113265.787502
335906.577 758485.958 -0.807336952095017 2.609 1723113266.2129447
335907.175 758485.519 -0.814719694830953 2.618 1723113266.6376548
335907.771 758485.060 -0.8292757407925858 2.587 1723113267.06258
335908.433 758484.543 -0.8299738724933835 2.651 1723113267.487654
335909.099 758484.026 -0.8405505677604691 2.667 1723113267.913279
335909.680 758483.546 -0.8632747546214353 2.667 1723113268.338018
335910.233 758483.053 -0.8907113304627862 2.653 1723113268.762897
335910.840 758482.467 -0.9188983978824945 2.669 1723113269.1884208
335911.420 758481.861 -0.9450085234923297 2.714 1723113269.6128101
335911.937 758481.280 -0.971729514340363 2.819 1723113270.0387735
335912.464 758480.653 -0.9854128956759984 2.973 1723113270.4628727
335913.081 758479.901 -0.9867567992000341 3.148 1723113270.8879652
335913.707 758479.145 -0.9849067501929201 3.271 1723113271.3131673
335914.307 758478.430 -0.9665982463394995 3.344 1723113271.7382524
335914.945 758477.710 -0.9554979522968157 3.444 1723113272.1633174
335915.682 758476.899 -0.9543809415755392 3.417 1723113272.5883079
335916.397 758476.089 -0.9672440181627375 3.392 1723113273.0129175
335916.991 758475.411 -0.967436004380457 3.129 1723113273.4381404
335917.531 758474.783 -0.973230497497078 2.896 1723113273.8631568
335918.083 758474.128 -0.9745220411435538 2.636 1723113274.2881505
335918.600 758473.526 -0.9728814316466792 2.406 1723113274.7131963
335919.003 758473.057 -0.9832137808184856 2.107 1723113275.1383934
335919.312 758472.683 -0.9887464745473076 1.403 1723113275.563502
335919.491 758472.461 -0.992638558779255 0.477 1723113275.9890504
335919.507 758472.437 -0.9923243995138961 0.052 1723113276.4132872
